2453395.63283 18.924
2453396.5962 18.845
2453397.59157 18.8085
2453398.59338 18.9915
2453399.60485 18.6815
2453400.57449 19.076
2453401.56355 18.8445
2453402.53572 18.9875
2453403.66337 19.0905
2453404.6144 19.02
2453405.63694 19.003
2453406.71272 18.546
2453407.6615 18.8985
2453408.7345 18.9975
2453409.59325 19.012
2453410.71746 18.8765
2453411.71016 19.0155
2453413.66604 18.8045
2453414.59529 19.0445
2453415.63492 18.7665
2453421.68559 19.058
2453422.68937 18.922
2453423.62637 18.926
2453424.59922 19.026
2453426.67754 18.6625
2453427.67377 18.6865
2453428.67074 19.0115
2453429.60677 19.049
2453430.60733 18.8325
2453431.59269 18.827
2453432.60242 18.8155
2453433.62449 18.7335
2453434.5918 18.7415
2453436.64474 18.904
2453438.64776 18.9325
2453440.5958 19.0455
2453443.62536 19.15
2453446.5082 19.181
2453448.53933 19.2685
2453449.58993 19.2405
2453450.58943 19.1875
2453453.55988 19.339
2453458.55987 19.521
2453460.51546 19.358
2453461.49702 19.156
2453462.54178 19.1815
2453463.55593 19.2365
2453465.51038 19.22
2453468.50815 19.284
2453470.51155 19.338
2453473.49974 19.1015
2453693.78673 18.959
2453695.80558 19.049
2453696.77525 19.213
2453699.75418 19.234
2453700.8175 19.237
2453701.75381 19.228
2453702.75776 19.2915
2453703.77273 19.0805
2453704.77889 19.139
2453705.79226 19.209
2453707.76768 19.126
2453708.75728 19.2625
2453709.7467 19.2435
2453710.7549 19.239
2453711.7199 19.2435
2453712.71226 19.388
2453713.58236 19.2755
2453713.62734 19.131
2453713.65791 19.245
2453713.73383 19.4095
2453713.78757 19.1655
2453713.82634 19.233
2453714.74516 19.2365
2453715.78891 19.3785
2453716.7438 19.2895
2453717.78414 19.3525
2453718.75043 19.2715
2453719.72769 18.922
2453720.75117 18.9985
2453721.73819 18.9795
2453722.7128 18.9475
2453723.76962 19.0895
2453724.69468 19.2555
2453725.7469 19.068
2453726.72595 19.2065
2453727.71276 19.116
2453728.75496 19.2845
2453745.68566 19.2795
2453746.71441 18.7745
2453747.6174 19.2035
2453749.65341 18.757
2453750.70686 18.97
2453752.75216 19.073
2453753.66893 18.92
2453754.67654 18.9545
2453755.63779 18.906
2453756.64224 19.0305
2453757.72616 19.144
2453758.6506 19.0625
2453759.64655 19.166
2453760.69992 19.286
2453761.69931 19.194
2453762.68564 19.1985
2453763.60664 19.2085
2453764.69851 19.135
2453765.70832 19.6305
2453770.68238 19.449
2453771.61514 19.2275
2453772.6438 19.41
2453773.62449 19.2635
2453774.64456 19.272
2453775.5792 19.247
2453776.58626 18.995
2453777.62607 19.0055
2453779.62917 19.2215
2453782.64212 19.3235
2453783.61242 19.282
2453784.59236 19.2675
2453785.64346 19.1515
2453786.60524 19.095
2453787.64498 19.111
2453788.6192 19.1695
2453789.6647 19.109
2453790.61622 19.1755
2453791.60199 18.6505
2453792.60904 19.025
2453793.60419 18.9995
2453794.60081 19.1025
2453798.61672 19.0435
2453799.59442 19.1685
2453800.62605 19.2015
2453801.61895 19.168
2453969.8922 19.3285
2453970.89202 18.9845
2453971.8876 18.8225
2453973.87031 18.857
2453974.86929 19.095
2453975.85912 19.16
2453976.85047 18.984
2453979.88184 19.357
2453980.90663 19.087
2453981.8872 19.097
2453982.90304 19.012
2453987.86019 19.095
2453989.83872 18.9285
2453990.85471 19.1535
2453991.86194 19.2005
2453993.8864 19.016
2453994.86062 19.1475
2453995.86951 19.2325
2453996.86564 19.037
2453998.83175 18.973
2453999.86651 19.078
2454001.80749 18.917
2454002.86229 19.086
2454004.83874 18.9905
2454005.84069 19.0275
2454006.83144 19.1455
2454007.85405 18.98
2454008.86165 18.686
2454009.85291 18.9495
2454010.82889 18.8155
2454011.84172 18.952
2454013.83071 18.9435
2454017.79494 18.8775
2454018.84087 18.5595
2454019.82708 18.497
2454020.82174 18.511
2454021.7893 18.6325
2454023.79038 18.7725
2454024.80623 18.6755
2454025.79227 18.707
2454026.8067 18.831
2454027.76648 18.9675
2454028.73752 18.922
2454029.75414 18.904
2454030.71346 18.906
2454031.80192 18.7385
2454032.75375 18.581
2454035.7929 18.9335
2454036.78658 18.721
2454037.74334 18.793
2454038.74032 19.022
2454039.76658 18.732
2454040.75978 18.91
2454041.77752 18.7915
2454042.77684 18.838
2454043.75208 18.8025
2454045.74171 18.9065
2454046.75708 19.1115
2454047.76923 19.0115
2454048.75518 18.487
2454049.7625 18.732
2454050.75816 18.8265
2454051.76554 18.743
2454052.80409 18.752
2454053.74683 18.792
2454054.75598 18.8655
2454055.76468 19.0865
2454056.75838 19.06
2454057.75318 18.88
2454058.80211 19.0155
2454059.72273 18.992
2454060.72631 18.6825
2454063.70773 18.9995
2454064.74469 19.0215
2454065.78058 19.126
2454066.78686 18.7135
2454067.76594 18.976
2454068.77493 18.874
2454069.76796 18.152
2454070.77318 18.8875
2454071.77744 18.9005
2454072.70435 19.175
2454073.71219 18.984
2454074.70885 18.8565
2454075.7366 18.835
2454076.71946 19.268
2454079.80039 18.9225
2454080.74169 18.7255
2454081.73246 18.93
2454082.7124 19.0205
2454083.67133 18.919
2454084.70713 18.999
2454085.69677 19.0645
2454086.71346 18.923
2454087.65665 18.8825
2454088.64666 19.007
2454089.67862 18.947
2454090.72523 18.4525
2454091.64929 19.1975
2454092.69292 18.8275
2454093.71736 18.835
2454094.69609 18.694
2454095.68722 18.992
2454096.70888 18.897
2454097.77879 18.9185
2454099.76109 18.659
2454100.68184 18.8955
2454104.70469 18.6925
2454105.75121 19.0025
2454106.70166 18.75
2454107.72641 18.9305
2454108.68909 18.83
2454109.74441 18.97
2454110.71228 18.9565
2454111.72198 18.9555
2454112.72848 19.064
2454113.66982 19.024
2454114.69619 19.1085
2454115.71923 19.0075
2454117.65088 19.2405
2454118.74273 19.17
2454119.68689 19.3245
2454120.70982 19.147
2454121.70579 19.293
2454122.68689 19.248
2454123.67146 19.1675
2454124.69132 19.0355
2454125.71055 19.106
2454126.66012 18.711
2454127.64607 19.1575
2454128.65785 18.7905
2454130.70327 19.095
2454131.6905 19.0315
2454192.54287 19.001
2454193.54857 19.33
2454194.53711 18.9355
2454196.53037 18.8515
2454197.52645 18.9615
2454198.55539 19.13
2454199.54402 18.953
2454200.51065 19.2695
2454202.49404 19.0945
2454203.49884 18.93
2454204.47698 18.9835
2454205.50552 18.9675
2454219.46357 18.9465
2454220.45221 18.611
2454362.83882 19.2485
2454363.85031 19.1125
2454365.86232 19.2955
2454366.81869 19.126
2454371.82237 19.2425
2454372.83901 19.474
2454374.84819 19.244
2454375.8413 19.2485
2454376.82676 18.5855
2454377.81639 19.097
2454378.85096 19.1425
2454380.76729 19.3005
2454381.81951 19.2665
2454382.8891 19.18
2454384.81607 19.2285
2454386.78117 19.1045
2454388.78359 19.285
2454389.75086 19.3635
2454390.76313 19.3425
2454391.8076 19.1895
2454392.82489 19.3485
2454393.77054 19.212
2454394.73434 19.196
2454395.784 19.373
2454396.79482 19.0855
2454399.77317 19.271
2454400.8021 19.132
2454401.8085 19.118
2454403.78272 19.3435
2454404.77183 19.159
2454406.8304 19.2385
2454408.77411 19.227
2454409.72526 19.16
2454410.74965 19.3825
2454411.78123 19.3195
2454412.77703 19.2715
2454413.76439 19.247
2454414.77619 19.3905
2454415.76852 19.4525
2454416.75914 19.4385
2454418.69086 19.411
2454419.77036 19.2015
2454420.7318 19.183
2454421.75223 19.4375
2454422.78321 19.24
2454423.71649 19.4135
2454424.74042 19.1555
2454425.74426 19.25
2454426.67879 19.1165
2454427.74192 19.327
2454428.75071 19.3635
2454429.74834 19.275
2454432.75439 19.4315
2454433.75166 19.174
2454434.73246 19.32
2454435.7152 19.209
2454436.77111 19.5245
2454437.79554 19.3065
2454438.77631 19.189
2454439.69373 19.436
2454440.72407 19.224
2454441.70581 19.2765
2454442.68924 19.226
2454444.74156 19.2905
2454445.69882 19.3195
2454446.71571 19.269
2454447.73201 19.4455
2454448.72596 19.459
2454449.73578 19.357
2454450.6884 19.467
2454451.78624 19.381
2454452.76585 19.4835
2454453.68968 19.42
2454454.71369 19.4995
2454455.72708 19.078
2454456.76004 19.4135
2454456.86774 19.1385
2454456.86774 19.4
2454464.79072 19.306
2454465.76669 19.2175
2454466.83986 19.3485
2454467.77338 19.3085
2454468.75987 19.4685
2454469.75495 19.3345
2454470.7337 19.273
2454471.70535 19.297
2454472.68184 19.286
2454473.70356 19.2785
2454474.72652 19.422
2454475.69651 19.4505
2454477.65963 19.444
2454478.68102 19.228
2454479.67442 19.2515
2454480.68084 19.271
2454481.68628 19.4535
2454482.61563 19.312
2454483.66885 19.289
2454484.61505 19.254
2454485.71845 19.4365
2454486.64683 19.2585
2454487.67648 19.4005
2454488.63413 19.3295
2454489.65297 19.396
2454490.75651 19.379
2454491.67701 19.3975
2454492.7221 19.3365
2454493.71394 19.1445
2454494.73919 19.351
2454496.69445 19.434
2454497.66664 19.4695
2454498.62349 19.509
2454499.68105 19.2725
2454500.59836 19.452
2454501.65101 19.2785
2454502.71832 19.289
2454505.56538 19.4885
2454507.68314 19.528
2454508.64606 19.5155
2454509.53669 19.3165
2454510.63142 19.3875
2454511.64118 19.347
2454513.5776 19.1555
2454514.70048 19.285
2454515.67079 19.102
2454517.64424 19.169
2454518.60933 19.219
2454519.68623 19.334
2454520.63786 19.2685
2454521.6098 19.3585
2454522.68861 19.4505
2454523.56988 19.1945
2454524.59894 19.3175
2454527.56018 19.4845
2454528.60278 19.196
2454532.59225 19.395
2454536.60613 19.485
2454541.59158 19.408
2454543.60109 19.2545
2454546.54168 19.2165
2454548.58045 19.2775
2454553.58607 19.3825
2454555.53728 19.2935
2454557.52562 19.3005
2454560.58059 19.252
2454699.90847 19.1705
2454700.8685 19.2945
2454701.87161 19.148
2454702.85266 19.2545
2454703.85859 19.269
2454704.86583 19.3555
2454707.87171 19.2565
2454708.88137 19.221
2454709.86546 18.8295
2454710.85437 19.4985
2454715.88952 19.2085
2454720.84525 19.056
2454722.87275 19.0275
2454723.87353 18.9385
2454725.83232 18.8955
2454726.86953 19.0055
2454728.88336 19.054
2454729.82586 19.0125
2454731.9008 19.3925
2454732.86046 19.213
2454733.83514 19.1315
2454734.85586 19.1415
2454736.81568 19.1085
2454737.81242 19.1875
2454738.81204 19.219
2454740.83433 19.1105
2454743.84144 19.2955
2454744.83254 19.0465
2454746.85649 19.0545
2454747.82844 19.061
2454753.7962 19.318
2454754.81749 19.3035
2454757.7922 19.1335
2454759.75052 19.1055
2454762.77436 19.2465
2454763.79467 19.34
2454766.81418 19.182
2454768.81116 19.211
2454770.73125 19.162
2454771.75308 19.109
2454773.75867 19.089
2454776.7681 19.3525
2454779.7828 19.2305
2454781.76264 19.391
2454782.7715 19.329
2454783.74642 19.229
2454786.71578 19.263
2454787.74386 19.4495
2454788.73522 19.343
2454789.78581 19.2
2454790.70804 19.1375
2454791.74837 19.3035
2454792.74035 19.4015
2454793.73961 19.2955
2454794.77082 19.158
2454795.74448 19.1815
2454796.75199 19.331
2454797.77669 19.1345
2454799.77432 19.0665
2454800.6943 18.9735
2454802.75917 18.971
2454805.75356 19.058
2454808.71074 19.2575
2454811.78846 19.454
2454814.73064 19.1565
2454817.70733 19.027
2454820.70657 19.124
2454823.6572 18.813
2454827.74061 18.908
2454838.74345 19.0175
2454841.70349 18.8315
2454850.63731 19.036
2454854.52708 18.881
2454854.54668 19.07
2454854.5521 19.0125
2454854.57122 19.0615
2454854.58102 19.128
2454854.58589 19.2175
2454854.59578 19.1105
2454854.60061 19.1615
2454854.61041 19.1325
2454854.61529 19.1685
2454854.62311 19.21
2454854.62804 19.108
2454854.64592 19.0035
2454854.65074 18.947
2454854.66393 18.9495
2454854.66884 18.8435
2454854.67866 18.834
2454854.68372 18.939
2454854.69371 18.8845
2454854.72272 18.944
2454858.53701 18.7805
2454858.54192 18.9315
2454858.55182 18.843
2454858.55677 18.7015
2454858.56557 18.773
2454858.57035 18.9065
2454858.58133 18.9035
2454858.58613 18.7815
2454858.59412 18.701
2454858.59896 18.748
2454858.60758 19.0765
2454858.61275 19.0765
2454858.62322 18.937
2454858.62858 18.8295
2454858.63727 19.042
2454858.64227 18.996
2454858.65394 18.929
2454858.65878 18.779
2454858.66808 18.8595
2454858.67292 18.9435
2454858.68335 18.7275
2454858.68822 18.633
2454858.69904 18.788
2454858.70401 18.9375
2454858.72003 18.9
2454858.72768 18.845
2454858.74503 18.6835
2454858.75016 18.7735
2454858.75821 18.815
2454858.76428 19.0135
2454858.77483 19.04
2454858.77969 19.11
2454862.5309 18.917
2454862.53569 18.9205
2454862.5451 19.058
2454862.54988 19.054
2454862.55934 18.9585
2454862.56412 18.855
2454862.57392 18.9195
2454862.5787 18.807
2454862.58628 18.818
2454862.59106 18.885
2454862.60005 18.848
2454862.60484 18.7615
2454862.62304 18.8425
2454862.63713 18.9785
2454862.64191 19.01
2454862.64669 18.9465
2454862.65148 18.946
2454862.65934 18.8335
2454862.66412 18.925
2454862.67362 18.8915
2454862.6784 18.8415
2454862.68849 18.933
2454862.69327 18.9985
2454862.70806 18.674
2454862.71284 18.87
2454862.73864 18.661
2454862.74342 18.6865
2454862.75257 18.8145
2454862.75735 18.2695
2454866.60882 18.913
2454866.61849 18.9615
2454866.62326 18.9375
2454866.63469 18.8655
2454866.63947 18.891
2454866.64719 18.7935
2454866.65197 18.872
2454866.66176 18.9455
2454866.66654 18.9095
2454866.67578 18.922
2454866.68296 18.9185
2454866.69272 19.098
2454866.71046 19.04
2454867.60951 18.8335
2454867.63426 18.894
2454867.68866 19.14
2454870.57619 18.8685
2454870.60715 18.894
2454870.62016 18.794
2454870.63476 19.105
2454870.68443 18.977
2454874.53609 19.026
2454874.55773 18.907
2454874.59457 19.1155
2454874.60646 18.9865
2454874.62905 19.0165
2454874.63815 19.075
2454874.65512 19.068
2454874.6713 18.8485
2454874.6807 18.732
2454878.60043 19.0195
2454878.61574 19.1275
2454878.62511 19.048
2454878.63503 19.17
2454878.63982 19.1455
2454878.64589 19.0875
2454878.65462 19.107
2454882.65129 19.0875
2454885.60615 19.3105
2454888.57942 19.081
2454891.64992 19.1845
2454894.6046 19.1795
2454897.57857 19.086
2454900.61724 19.3145
2454903.6088 19.0175
2454906.59151 19.207
2454909.5687 18.8045
2454912.57282 18.884
2454915.57158 18.9525
2454918.58504 18.84
2454921.56557 18.9435
2454924.53429 19.06
2454927.5236 18.647
2454929.52858 18.914
2454931.5354 18.8515
2454934.53477 18.906
2454935.52059 19.0515
2455106.85762 19.4005
2455109.84003 19.0915
2455112.81935 19.3165
2455116.81271 19.22
2455116.84739 18.912
2455118.82417 19.3575
2455120.79364 19.2515
2455122.77152 18.959
2455125.80072 19.134
2455125.81944 18.9635
2455126.75439 19.1105
2455128.77305 19.017
2455132.82621 19.0915
2455134.76189 19.1805
2455139.80058 19.265
2455141.7322 19.019
2455143.72518 19.2115
2455146.73803 19.268
2455148.80227 19.177
2455150.72707 19.1335
2455152.74099 19.4375
2455153.734 19.2675
2455154.7632 19.2205
2455157.74949 19.3255
2455159.72362 19.2045
2455160.77914 19.35
2455161.76946 19.3715
2455163.76715 19.262
2455164.80414 19.097
2455166.66331 19.101
2455168.78099 19.129
2455170.755 19.0785
2455173.68351 19.0955
2455175.73284 19.0065
2455177.74454 19.1595
2455178.71365 19.2345
2455180.65099 19.229
2455181.7424 19.108
2455182.71998 19.1145
2455183.77686 19.354
2455184.73665 19.308
2455185.69343 19.3285
2455186.70722 19.214
2455187.70773 19.1695
2455188.6758 19.198
2455189.71872 19.249
2455190.70248 19.195
2455191.74884 19.171
2455192.67123 19.205
2455193.67511 19.133
2455194.76219 19.3795
2455195.69668 19.53
2455196.75978 19.1545
2455199.69752 19.1665
2455200.68392 19.2175
2455201.72381 19.188
2455202.71419 19.0235
2455203.7466 19.071
2455207.6912 19.1385
2455208.71325 19.068
2455209.68923 19.1495
2455210.76025 19.161
2455211.73834 19.093
2455212.71427 19.0785
2455213.69321 19.0745
2455214.71038 19.094
2455215.69243 19.205
2455216.68868 19.3405
2455218.77323 19.2915
2455219.67378 19.172
2455222.72281 19.045
2455225.73291 19.0355
2455226.68476 18.922
2455227.71925 18.846
2455228.73279 18.985
2455229.75413 19.2145
2455231.68295 19.013
2455232.73789 19.2065
2455234.72215 19.0445
2455235.6474 18.961
2455240.66922 19.1785
2455243.6653 19.2405
2455245.66857 19.1265
2455247.62721 19.0515
2455249.576 19.0065
2455251.55787 19.101
2455253.57397 19.0135
2455255.63185 19.1255
2455256.63562 19.0155
2455260.65126 19.3885
2455262.6511 19.176
2455263.63658 19.0505
2455265.58116 19.127
2455267.57557 19.0955
2455269.61294 18.977
2455274.53015 19.306
2455276.60171 19.2125
2455278.57635 19.1805
2455279.48366 18.9425
2455280.48293 19.091
2455281.50869 19.094
2455284.56455 19.312
2455287.55067 18.8665
2455289.50518 19.111
2455291.51172 18.898
2455294.51209 19.2575
2455295.50903 19.244
2455296.50715 19.083
2455297.5129 19.161
2455298.52123 19.0795
2455299.4861 19.005
2455301.51194 18.952
2455305.49595 19.176
2455306.47309 18.719
2455308.47175 18.922
2455310.4777 19.007
2455313.49364 18.9535
2455317.46629 18.8605
2455320.46709 18.6445
2455323.46931 18.9225
2455325.46773 18.9025
2455327.45927 19.0935
2454198.55539 19.126
2454199.54402 18.9515
