2451818.8577 14.8565
2451818.8815 14.8745
2451822.8919 14.775
2451823.8622 14.6995
2451823.8682 14.922
2451823.8745 14.889
2451824.8552 14.93
2451824.8613 14.934
2451824.8675 14.9725
2451825.8581 15.001
2451825.8641 14.9765
2451826.8118 14.9745
2451826.8178 14.935
2451826.8237 15.0065
2451827.8888 14.8275
2451828.8927 14.915
2451831.8822 14.772
2451831.8897 14.9285
2451832.829 14.934
2451832.835 14.873
2451833.8628 14.9225
2451833.8715 14.764
2451835.8723 15.008
2451835.881 14.826
2451844.8614 14.8735
2451844.8676 14.895
2451848.8533 14.829
2451848.8593 14.8575
2451848.8653 14.7555
2451863.85 14.9255
2451863.8574 14.7565
2451864.8375 14.8305
2451864.8435 14.883
2451864.8498 14.789
2451865.8091 14.8565
2451865.8178 14.8775
2451865.8238 14.898
2451866.792 14.902
2451870.8363 14.77
2451870.8423 14.969
2451871.8348 14.8235
2451872.836 15
2451873.798 14.784
2451873.804 14.974
2451873.8103 14.983
2451874.7803 14.829
2451874.7863 15.0575
2451874.7926 14.974
2451876.7629 14.8255
2451876.7689 14.959
2451876.7752 15.023
2451880.8307 14.824
2451880.8394 14.812
2451881.7368 14.942
2451881.7447 14.907
2451881.7507 14.8675
2451882.7688 14.855
2451883.7923 14.8665
2451883.7974 14.9955
2451883.8033 14.811
2451884.7133 14.708
2451884.7185 15.0375
2451886.8114 14.846
2451886.8174 14.7585
2451886.8236 14.787
2451887.8067 14.772
2451887.8127 14.853
2451887.819 14.794
2451888.8261 14.847
2451888.8321 14.928
2451889.7701 14.812
2451889.7761 14.9335
2451891.826 14.844
2451892.8314 14.858
2451892.8374 14.913
2451893.8001 14.896
2451893.8088 14.868
2451897.7883 14.747
2451899.8278 14.9765
2451899.8338 14.8385
2451900.7808 14.9555
2451900.7868 14.979
2451900.7932 15.0385
2451901.7451 14.8595
2451901.7537 14.93
2451903.7505 14.8185
2451903.7565 14.869
2451903.764 14.7755
2451905.7796 14.9085
2451905.7883 14.915
2451906.7317 14.924
2451906.7405 14.899
2451909.7679 14.774
2451909.7798 15.0155
2451912.7399 15.024
2451921.7473 14.875
2451921.7534 14.807
2451921.7596 14.8825
2451922.7263 14.868
2451922.7323 14.946
2451922.7386 14.942
2451923.7004 14.8865
2451923.7064 14.892
2451923.7126 14.8945
2451924.7281 14.93
2451924.7344 14.8675
2451925.6832 14.9265
2451925.6945 14.9325
2451926.6991 14.8335
2451926.7051 14.7445
2451926.7113 14.793
2451927.6343 14.873
2451927.6403 14.8275
2451927.6459 14.8085
2451927.6519 14.7765
2451928.6833 14.8715
2451928.6896 14.982
2451929.655 14.893
2451930.6788 14.981
2451931.5797 14.881
2451931.586 14.841
2451932.6408 14.8735
2451932.6468 14.9485
2451932.6532 14.9375
2451933.6763 14.762
2451933.6823 14.8735
2451933.6886 14.915
2451937.5977 14.947
2451937.6036 14.9435
2451937.609 14.9035
2451938.6581 14.8735
2451938.6644 14.761
2451939.6696 14.9
2451939.6756 14.907
2451939.6819 14.9525
2451940.6087 14.826
2451940.6147 14.837
2451940.621 14.953
2451941.6237 14.9585
2451941.6297 15.0005
2451941.6351 14.952
2451942.5991 14.95
2451942.6051 14.9105
2451942.6115 14.914
2451943.6442 14.791
2451943.6502 14.7885
2451943.6562 14.8445
2451944.6544 14.8725
2451944.6604 14.9075
2451944.6667 14.841
2451946.5414 14.94
2451948.5478 14.835
2451948.5538 14.968
2451948.56 14.852
2451949.6248 14.691
2451949.6308 14.812
2451949.6371 14.7185
2451950.5809 14.733
2451950.587 14.976
2451950.5932 14.876
2451951.6013 14.7395
2451951.6073 14.886
2451951.6131 14.9595
2451952.585 14.8305
2451952.591 14.9215
2451952.5972 14.898
2451954.6185 14.954
2451955.5937 14.858
2451955.5997 14.8155
2451955.606 14.822
2451956.5534 14.9115
2451957.5559 14.795
2451958.5173 14.7845
2451958.5233 14.788
2451958.5296 14.8705
2451959.5243 14.69
2451959.5303 14.841
2451959.5366 14.7995
2451960.5352 14.86
2451960.5412 14.9355
2451960.5475 14.876
2451961.5398 14.874
2451961.5458 14.8605
2451961.5521 14.9535
2451964.5214 14.7615
2451964.5274 14.8455
2451964.5326 15.0175
2451965.5075 14.804
2451965.5135 14.845
2451965.5198 14.801
2451966.5073 14.921
2451966.5133 14.951
2451968.5047 14.8125
2451968.5107 14.807
2451968.517 14.7945
2451969.5078 14.717
2451970.5202 14.754
2451970.5264 14.842
2451971.5064 14.7335
2451974.5072 14.6775
2451974.5196 14.852
2451977.4935 14.9235
2451977.4995 15.026
2451977.5059 15.104
2451978.4999 14.9555
2451978.5059 14.9145
2451978.5123 14.8765
2451979.5216 14.713
2451979.5276 14.8795
2451979.5335 14.862
2451979.5394 14.923
2451981.5257 14.8855
2451981.5321 14.9415
2451982.5186 14.8625
2451982.5275 14.8965
2451984.5 14.8435
2451984.5054 14.852
2451985.5017 14.8415
2451985.5077 14.7725
2451985.514 14.85
2451986.5043 14.8555
2451986.5103 15.025
2451986.5166 14.958
2451987.5541 14.8085
2451988.5149 14.9605
2451988.5212 14.935
2451992.4928 15.1365
2451992.5051 14.7925
2451993.4911 14.7775
2451994.4988 15.072
2451995.4947 14.9235
2451995.5007 14.8765
2451995.5061 14.8195
2451996.4907 14.858
2451996.503 14.822
2451997.5011 14.9
2451997.5071 14.987
2451997.5134 14.9745
2452000.505 14.868
2452000.511 14.738
2452000.5173 14.742
2452006.4852 14.8045
2452006.4914 14.862
2452195.8495 14.872
2452195.8613 14.8825
2452197.8119 14.7975
2452197.8179 14.767
2452197.8241 14.733
2452198.839 14.728
2452198.845 14.6985
2452198.8512 14.7675
2452202.8184 14.5735
2452204.8323 14.6375
2452207.787 14.7645
2452207.7932 14.6155
2452210.8707 14.9375
2452210.8767 14.8
2452210.8829 14.7155
2452214.747 14.7655
2452214.753 14.79
2452214.7592 14.8865
2452215.7467 14.879
2452215.7527 14.8295
2452215.7589 14.8335
2452216.7521 14.8845
2452216.758 14.7605
2452216.7642 14.7655
2452218.768 14.8255
2452219.7229 14.864
2452219.7289 14.6875
2452223.7638 14.8005
2452223.7698 14.819
2452223.7751 14.929
2452224.7464 14.878
2452224.7524 14.8605
2452224.7585 14.977
2452224.8189 14.843
2452224.8249 14.823
2452224.8311 14.8445
2452225.7616 15.059
2452225.7676 15.008
2452225.7738 14.8325
2452226.7559 15.1155
2452226.7619 14.8125
2452226.7681 14.7425
2452228.8057 14.9055
2452228.8117 14.976
2452228.8179 14.939
2452229.7477 14.8155
2452229.7537 14.8755
2452229.7599 14.9475
2452231.7465 15.125
2452231.7525 14.908
2452231.7587 14.9115
2452232.7537 15.1
2452232.7597 14.873
2452232.7659 14.7975
2452233.7919 14.8785
2452234.7712 14.912
2452234.7772 14.952
2452234.7835 14.86
2452235.7565 15.0385
2452235.7625 14.9035
2452235.7687 14.9445
2452236.7652 15.0045
2452236.7712 14.828
2452236.7774 14.834
2452238.8018 14.993
2452238.8078 14.953
2452238.814 14.9775
2452239.7206 15.011
2452239.7266 14.7125
2452239.7328 14.811
2452240.7587 15.1825
2452240.7647 15.027
2452240.7709 14.8985
2452243.795 14.8615
2452243.801 14.873
2452243.8072 14.8585
2452244.6932 14.804
2452244.6992 14.96
2452244.7053 14.847
2452245.6847 14.786
2452245.6907 14.8365
2452245.6969 14.74
2452246.6888 14.809
2452247.6723 14.844
2452247.6783 14.824
2452247.6845 14.8705
2452250.7114 14.812
2452251.7863 14.9185
2452251.7923 14.935
2452252.6572 14.8105
2452252.6686 15.1505
2452253.7133 14.884
2452253.7193 14.9175
2452253.7255 14.8165
2452255.6909 14.8265
2452255.6969 14.7775
2452255.7031 14.7115
2452256.7581 15.074
2452256.7641 15.074
2452256.7703 14.861
2452257.7037 15.031
2452257.7097 14.929
2452257.7159 14.9025
2452258.7141 15.051
2452258.7201 14.8875
2452258.7263 14.966
2452259.6749 14.919
2452259.6809 14.966
2452259.6871 14.8705
2452259.7777 14.939
2452259.7837 15.0825
2452259.7899 14.9
2452261.6872 14.74
2452261.6932 14.845
2452261.6994 14.902
2452261.7773 14.889
2452261.7833 14.915
2452261.7895 14.9185
2452262.6649 14.739
2452262.6709 14.8275
2452262.6783 14.8225
2452262.7049 14.921
2452262.7176 14.9425
2452262.7382 15.0385
2452262.7442 14.983
2452262.7504 14.8365
2452262.774 15.0845
2452262.78 14.9105
2452262.7862 14.71
2452263.7234 14.9185
2452263.7294 14.9055
2452263.7356 14.873
2452263.7524 14.8285
2452263.7584 14.8505
2452263.7646 14.7875
2452263.7865 14.8235
2452263.7925 14.804
2452263.7987 14.8145
2452263.8145 14.9
2452263.8205 14.8675
2452263.8267 14.855
2452264.7589 14.7765
2452264.7649 14.7655
2452264.7711 14.819
2452264.8208 15.0785
2452265.5391 14.9265
2452265.5463 14.7045
2452265.5524 14.6615
2452265.5586 14.7035
2452265.5648 14.836
2452265.5836 14.9085
2452265.5896 14.819
2452265.5957 14.8905
2452265.6048 14.8865
2452265.6108 14.993
2452265.6171 15.058
2452265.632 15.0285
2452265.6381 14.9705
2452265.6442 14.9615
2452265.6504 14.9465
2452265.6564 14.9165
2452265.6626 14.8875
2452265.6791 14.9155
2452265.6851 14.8615
2452265.6912 14.8115
2452265.6974 14.8195
2452265.7034 14.7855
2452265.7096 14.783
2452265.7329 14.7875
2452265.7389 14.8345
2452265.745 14.869
2452265.7512 14.852
2452265.7572 14.8085
2452265.7634 14.852
2452265.7768 14.9835
2452265.7827 15.0375
2452265.789 14.9005
2452265.7951 15.001
2452265.8012 14.921
2452265.8073 14.9395
2452266.7588 14.9775
2452266.7648 14.92
2452266.771 14.909
2452266.7979 14.826
2452266.8039 14.857
2452266.8101 14.8155
2452270.677 15.024
2452270.683 14.958
2452270.6892 14.841
2452270.7047 14.97
2452270.7107 14.8775
2452270.7169 14.85
2452270.7328 14.842
2452270.7388 14.8525
2452270.7449 14.809
2452270.7688 14.79
2452270.7748 14.7485
2452270.7809 14.8865
2452270.8055 15.058
2452270.8115 14.8995
2452270.8177 14.9835
2452271.7166 14.885
2452271.7325 14.9885
2452271.7385 14.901
2452271.7446 14.9415
2452271.7616 15.1255
2452271.7676 14.942
2452271.7738 15.081
2452271.786 14.951
2452271.7922 14.8845
2452271.8135 14.997
2452271.8195 14.8475
2452271.8257 14.7835
2452273.7221 15.051
2452273.7283 14.9355
2452273.7551 14.992
2452273.7611 14.886
2452273.7672 14.87
2452273.7734 14.847
2452273.7794 14.8335
2452273.7856 14.824
2452274.5367 15.1015
2452274.5427 14.8945
2452274.5489 14.9485
2452274.555 14.945
2452274.561 14.7575
2452274.5672 14.8275
2452274.5734 14.874
2452274.5796 14.8295
2452274.5856 14.8455
2452274.5917 14.851
2452274.5979 14.809
2452274.6039 14.8635
2452274.61 14.978
2452274.6162 14.7585
2452274.6224 15.0005
2452274.6284 14.833
2452274.6346 15.0285
2452274.6407 14.9455
2452274.6467 14.8615
2452274.6529 14.9615
2452274.6675 15.031
2452274.6735 14.987
2452274.6796 15.06
2452274.6858 15.075
2452274.6918 14.991
2452274.698 14.9825
2452274.7139 14.971
2452274.7199 14.875
2452274.726 14.836
2452274.7322 14.925
2452274.7382 14.8125
2452274.7444 14.8365
2452274.756 14.832
2452274.762 14.7975
2452274.7681 14.765
2452274.7743 14.8865
2452274.7803 14.764
2452274.7865 14.8555
2452274.7927 14.8415
2452274.7997 14.786
2452274.8057 14.795
2452274.8119 14.9975
2452274.8181 14.8565
2452278.7074 14.834
2452278.7136 14.818
2452278.7414 14.8335
2452278.7474 14.886
2452278.7536 14.998
2452278.7599 14.8435
2452278.7659 14.883
2452278.772 14.8355
2452278.794 14.7855
2452278.8 14.877
2452278.8062 14.578
2452279.6788 14.8685
2452279.6848 14.9045
2452279.691 14.884
2452279.7075 14.892
2452279.7135 14.9395
2452279.7197 14.8715
2452279.7344 14.8215
2452279.7404 14.842
2452279.7466 14.834
2452279.7527 14.8525
2452279.7587 14.7855
2452279.7649 14.782
2452279.7857 14.8525
2452279.7917 14.7355
2452279.7979 14.83
2452279.8216 14.9635
2452279.8276 14.8895
2452279.8338 14.975
2452281.6608 14.8685
2452281.6667 14.8625
2452281.6729 14.834
2452281.689 14.841
2452281.695 14.7725
2452281.7012 14.816
2452281.7159 14.9
2452281.722 14.8525
2452281.7281 14.8195
2452281.7343 14.8865
2452281.7403 14.825
2452281.7465 14.8465
2452281.7693 14.9135
2452281.7753 14.9035
2452281.7814 14.953
2452282.6689 14.7775
2452282.6749 14.6725
2452282.6812 14.732
2452282.6973 14.811
2452282.7191 14.909
2452282.7251 14.864
2452282.7313 14.9235
2452282.7375 15.086
2452282.7435 14.942
2452282.7497 15.032
2452282.7711 14.9495
2452282.7772 14.916
2452282.7833 14.947
2452283.7489 14.898
2452283.7549 14.944
2452283.7611 14.8935
2452283.7673 14.884
2452283.7733 14.7905
2452283.7795 14.832
2452283.7943 14.8485
2452283.8003 14.7515
2452283.8065 14.759
2452286.6732 15.0055
2452286.6882 14.8625
2452286.708 14.9235
2452286.714 14.8965
2452286.7202 14.777
2452286.7264 14.8525
2452286.7324 14.8385
2452286.7386 14.8035
2452286.7538 14.8945
2452286.7598 14.8895
2452286.766 14.9595
2452286.7722 14.976
2452286.7781 14.9165
2452286.7844 14.8725
2452286.7905 14.8655
2452286.7967 14.844
2452287.6743 14.875
2452287.6803 14.792
2452287.6865 14.695
2452287.7142 14.789
2452287.7263 14.8335
2452287.7325 14.9945
2452287.7524 14.8555
2452287.7585 14.859
2452287.7647 14.9785
2452287.7707 14.9215
2452289.7142 14.908
2452289.7204 14.8045
2452289.7364 15.1595
2452289.7424 14.8015
2452289.7486 14.795
2452289.7548 14.9435
2452289.7608 14.7125
2452289.767 14.7285
2452289.7872 14.8065
2452289.7934 14.8065
2452290.6375 14.8495
2452290.6435 14.849
2452290.6497 14.769
2452290.6647 14.895
2452290.6707 14.9695
2452290.6769 14.8755
2452290.683 14.9485
2452290.689 14.827
2452290.6952 14.887
2452290.7101 14.877
2452290.7161 14.7785
2452290.7223 14.768
2452290.7284 14.774
2452290.739 14.745
2452290.745 14.815
2452290.7512 14.8155
2452290.7573 14.753
2452293.7089 15.036
2452293.7252 14.9065
2452293.7312 14.913
2452293.7374 15.151
2452293.7428 14.881
2452293.7707 14.7865
2452293.7769 14.8255
2452295.6868 15.0085
2452295.6928 14.9315
2452295.699 14.9205
2452295.7127 14.885
2452295.7187 14.862
2452295.7249 14.882
2452295.7311 14.8415
2452295.7371 14.994
2452295.7433 14.7665
2452296.7094 14.8975
2452296.7154 14.8735
2452296.7216 14.6895
2452296.7433 14.921
2452296.7493 14.8705
2452296.7555 14.725
2452296.7618 14.912
2452296.7679 14.785
2452296.7741 14.908
2452297.7512 14.7805
2452297.7572 14.9355
2452297.7635 14.843
2452297.7835 14.8655
2452297.7895 14.822
2452297.7958 14.925
2452297.8016 14.881
2452298.7416 14.939
2452298.7476 15.002
2452298.7538 15.043
2452298.7594 15.1365
2452298.7654 14.902
2452298.7716 14.9405
2452298.7908 14.791
2452298.7968 14.6665
2452298.8029 15.118
2452299.7491 14.795
2452299.7614 14.7655
2452299.7675 14.8365
2452299.7903 14.8545
2452299.7963 14.9095
2452299.8025 14.716
2452314.7107 14.9385
2452314.7167 14.9115
2452314.7229 14.892
2452315.6351 14.9805
2452315.6411 14.9655
2452315.6473 14.8635
2452315.6534 15.039
2452315.6633 15.068
2452315.6693 14.916
2452315.6755 14.9635
2452315.6973 15.058
2452315.7035 14.989
2452315.7097 15.166
2452315.7157 14.9545
2452315.7219 14.9265
2452317.6875 14.8485
2452317.6997 14.808
2452317.7059 14.7975
2452318.6205 15.0145
2452318.6265 15.05
2452318.6328 14.874
2452318.6391 15.0395
2452318.6451 14.9135
2452318.6514 14.845
2452318.6576 14.9435
2452318.6639 14.81
2452318.6699 14.8645
2452318.6762 14.872
2452318.6825 14.7695
2452318.6885 14.8
2452318.6947 14.9395
2452318.701 14.779
2452319.6507 14.8885
2452319.6567 14.8075
2452319.6629 14.8265
2452319.6691 14.8505
2452319.6751 14.7965
2452319.6813 14.846
2452319.6875 14.899
2452319.6937 14.8915
2452319.6997 14.8265
2452319.7059 14.9545
2452319.712 14.9175
2452320.7253 14.7545
2452322.5945 14.699
2452322.6006 14.784
2452322.6365 14.9625
2452322.6425 14.8965
2452322.6487 14.875
2452322.7058 15.0535
2452322.7118 14.825
2452322.7179 14.8045
2452322.7242 14.823
2452322.7302 14.6785
2452322.7364 14.7745
2452323.5514 14.7605
2452323.5636 14.8345
2452323.6173 14.8305
2452323.6889 14.9535
2452323.6949 14.8575
2452323.7012 14.8545
2452323.7074 14.9525
2452323.7134 14.924
2452323.7197 14.8735
2452325.7113 14.9175
2452326.5902 14.799
2452326.5964 14.914
2452326.688 14.979
2452326.694 14.927
2452326.7003 14.9435
2452328.5731 14.9375
2452328.5791 14.9005
2452328.5854 14.848
2452328.6689 14.988
2452328.6749 14.9255
2452328.6812 14.8015
2452330.5755 15.132
2452330.5815 14.9695
2452330.5878 14.928
2452330.676 14.84
2452330.6819 14.815
2452330.6882 14.789
2452332.5484 14.8135
2452332.5544 14.9725
2452332.5606 14.724
2452332.6381 15.0355
2452332.6441 14.8835
2452332.6504 14.8575
2452333.5222 14.8485
2452333.5281 14.7395
2452333.5344 14.875
2452333.582 14.87
2452333.5879 14.8325
2452333.5942 14.8645
2452335.5296 14.854
2452335.5356 14.944
2452335.5419 14.8755
2452336.5284 14.8175
2452336.5344 14.8415
2452336.5407 14.969
2452336.6062 14.8615
2452336.6122 14.808
2452336.6184 14.8355
2452337.5273 15.006
2452337.5333 14.8745
2452337.5396 14.8315
2452337.6287 14.9675
2452337.6347 14.934
2452337.641 14.901
2452338.5291 14.8675
2452338.5351 14.86
2452338.5411 14.8935
2452340.5583 15.041
2452340.5646 14.891
2452340.6352 14.7825
2452340.6415 14.832
2452341.5492 15.0285
2452341.5551 15.1255
2452341.5614 14.975
2452342.5561 14.681
2452342.5624 14.773
2452344.5189 14.825
2452344.5249 14.723
2452344.5312 14.751
2452346.5509 14.784
2452346.5569 14.8995
2452346.563 14.9075
2452346.569 14.963
2452347.5484 14.9005
2452347.5546 14.849
2452349.5118 14.823
2452349.5178 14.7935
2452349.5241 14.8355
2452349.5822 15.013
2452349.5882 15.0105
2452349.5944 14.892
2452349.6186 14.9515
2452349.6246 15.0915
2452349.6309 14.89
2452350.5108 15.0085
2452350.5168 14.705
2452350.5231 14.877
2452351.5031 14.8795
2452351.5091 14.7685
2452351.5154 14.7655
2452351.5982 15.071
2452351.6042 15.042
2452351.6105 14.7965
2452353.5984 14.8205
2452353.6043 14.8875
2452353.6106 14.921
2452355.5394 14.91
2452355.5453 14.9255
2452355.5516 14.889
2452355.5751 14.9425
2452355.5811 14.885
2452355.5874 14.9495
2452355.6247 14.774
2452355.6307 15.0775
2452355.637 14.8105
2452356.5315 14.897
2452356.5375 14.829
2452356.5438 14.831
2452356.566 14.961
2452356.572 14.9255
2452356.5783 15.068
2452356.6027 14.8415
2452356.6087 14.9395
2452356.615 14.9125
2452357.502 14.917
2452357.508 14.8335
2452357.5142 14.901
2452357.5362 15.181
2452357.5422 14.893
2452357.5485 14.895
2452357.5636 14.977
2452357.5696 14.918
2452357.5759 14.8815
2452357.6018 14.873
2452357.6078 14.709
2452357.6141 14.7385
2452358.4894 15.0375
2452358.4954 14.9855
2452358.5017 14.8525
2452358.5239 15.1325
2452358.5299 14.8095
2452358.5361 14.865
2452358.5529 14.9245
2452358.5588 14.6955
2452358.5651 14.791
2452358.5895 14.8085
2452358.5967 14.7165
2452358.603 14.8255
2452359.5555 15.008
2452359.5615 14.652
2452359.5678 14.78
2452359.5834 14.9115
2452359.5894 14.761
2452359.5957 14.594
2452359.6149 14.9045
2452359.6209 14.862
2452359.6272 14.707
2452360.516 14.8145
2452360.522 14.7015
2452360.5283 14.7485
2452360.5436 14.818
2452360.5496 14.868
2452360.5559 14.844
2452360.6041 14.946
2452360.6103 14.8105
2452361.5235 14.963
2452361.5295 14.831
2452362.58 14.8525
2452364.5057 14.997
2452364.5117 14.97
2452364.518 14.9955
2452364.5371 14.745
2452364.5431 14.907
2452364.5493 14.6915
2452364.5614 14.7755
2452364.5674 14.7075
2452364.5737 14.786
2452365.5318 14.6935
2452365.5379 14.683
2452365.5441 14.721
2452365.5607 14.722
2452365.5667 14.8115
2452365.573 14.7465
2452365.5851 14.841
2452365.5911 14.9465
2452365.5974 14.8385
2452366.4858 14.7195
2452366.4918 14.6515
2452366.4981 14.774
2452366.5395 15.0065
2452366.5455 14.8825
2452366.5518 14.8405
2452366.5766 15.019
2452366.5826 14.7205
2452366.5889 14.789
2452367.5202 14.802
2452367.5261 14.6675
2452367.5324 14.786
2452368.4878 14.8845
2452368.4938 14.8855
2452368.5001 14.86
2452372.4869 14.6255
2452372.4929 14.9845
2452372.4981 14.7355
2452372.5509 14.795
2452372.5569 14.8895
2452372.5632 14.9455
2452377.5142 14.9565
2452377.5202 14.7205
2452377.5265 14.65
2452384.4669 14.779
2452384.4728 14.681
2452384.4791 14.7995
2452384.522 14.752
2452384.528 14.8085
2452384.5342 14.829
2452385.4708 14.673
2452385.4771 14.733
2452385.5187 14.763
2452385.5309 14.69
2452389.4532 14.6015
2452389.5143 14.789
2452389.5203 14.942
2452389.5266 14.746
2452390.4684 14.644
2452390.4744 14.7675
2452390.4807 14.653
2452391.4534 14.765
2452391.4594 14.775
2452391.4657 14.777
2452391.4847 14.9145
2452391.4907 14.7085
2452391.497 14.7475
2452396.4806 14.8825
2452396.487 14.826
2452400.4558 14.879
2452400.4618 14.953
2452400.4681 14.856
2452403.4485 14.7905
2452403.4545 14.8395
2452403.4602 14.9015
2452403.4662 14.8825
2452405.4518 14.743
2452915.79829 14.948
2452915.8033 15.0245
2452916.84118 14.9825
2452916.84603 14.9795
2452917.83435 15.0285
2452917.8392 14.9815
2452918.82449 14.9
2452918.82934 15.057
2452921.76791 14.767
2452921.77277 14.778
2452922.76259 14.886
2452922.76744 14.933
2452923.78368 14.871
2452923.78853 14.9555
2452924.80663 14.798
2452924.81147 14.874
2452926.83415 15
2452926.83899 15.014
2452928.76163 14.987
2452928.76648 15.1705
2452928.77149 14.827
2452930.80519 14.785
2452930.8102 14.86
2452931.79217 14.879
2452931.79702 14.9985
2452933.82067 14.9335
2452933.82552 14.9085
2452934.73699 14.9335
2452934.74186 15.126
2452935.78759 14.827
2452935.79245 14.816
2452939.78113 14.974
2452939.786 14.8635
2452940.82145 14.8655
2452940.82629 14.728
2452941.78477 14.867
2452941.78963 14.8415
2452942.79748 14.956
2452942.80233 14.8565
2452943.79077 14.9155
2452943.79563 14.9355
2452944.77022 14.9055
2452944.77508 14.8855
2452945.77278 14.9715
2452945.77763 14.8205
2452946.77615 14.7645
2452946.781 14.792
2452947.7709 14.7925
2452947.77576 14.791
2452948.677 15.0255
2452948.68186 14.8125
2452949.77721 14.9615
2452949.78207 14.948
2452950.74886 15.112
2452950.75372 15.029
2452951.7694 15.002
2452951.77427 14.876
2452952.8003 14.827
2452952.80516 14.857
2452955.72928 15.0755
2452955.73414 14.963
2452956.78467 14.8115
2452956.78953 14.72
2452957.75797 14.826
2452957.76282 14.6955
2452958.80452 14.7625
2452958.80939 14.753
2452965.67076 14.6185
2452965.67562 14.721
2452966.84618 14.787
2452966.85103 14.8455
2452967.72973 15.0245
2452967.73459 15.114
2452969.71287 14.765
2452969.71772 14.6725
2452970.74151 14.689
2452970.74637 14.7745
2452972.78287 14.6495
2452972.78772 14.8565
2452974.76783 14.8725
2452974.7727 14.781
2452983.74111 14.7725
2452983.74979 14.888
2452985.72926 14.861
2452987.67359 14.835
2452987.67845 14.86
2452988.71109 14.965
2452988.71595 14.979
2452991.69865 14.81
2452991.70351 14.783
2452992.73631 14.729
2452992.74116 14.815
2452993.78823 14.59
2452993.79309 14.7355
2452994.66663 14.7715
2452994.6715 14.814
2452995.70203 14.6505
2452995.70688 14.719
2452996.70634 14.6425
2452996.71119 14.7185
2452997.75899 14.7525
2452997.76385 14.8095
2452998.73269 14.847
2452998.73756 14.869
2452999.7743 14.7355
2452999.77914 14.7295
2453000.75092 14.84
2453000.75576 14.8655
2453001.76554 14.851
2453001.7704 14.8675
2453007.71129 14.6645
2453007.71615 14.672
2453009.70926 14.5855
2453012.75794 14.725
2453013.67099 14.829
2453013.67585 14.718
2453014.69472 14.905
2453014.69957 14.839
2453015.71815 14.8375
2453015.72302 14.8585
2453016.76928 14.8355
2453016.77415 14.807
2453344.63594 14.738
2453345.63643 15.039
2453345.64122 14.6525
2453358.67275 14.51
2453398.59332 14.6635
2453398.59812 14.7335
2453398.60303 14.6535
2453398.60798 14.5295
2453399.6048 14.8235
2453399.60959 14.7355
2453399.61449 14.7585
2453399.61944 14.747
2453400.57445 14.7795
2453400.57924 14.6805
2453400.58414 14.517
2453400.5891 14.447
2453402.53572 14.629
2453402.54051 14.5915
2453402.54536 14.5825
2453402.54956 14.475
2453404.61435 14.715
2453404.61998 14.66
2453404.62477 14.661
2453405.6369 14.6655
2453405.64169 14.6125
2453405.6466 14.625
2453405.65156 14.49
2453406.71267 14.57
2453406.71746 14.6605
2453406.72237 14.631
2453406.72682 14.5525
2453407.66146 14.6495
2453407.66624 14.6955
2453407.67116 14.535
2453407.67611 14.532
2453408.73445 14.695
2453408.73923 14.7815
2453408.74415 14.7345
2453408.74908 14.834
2453409.5932 14.705
2453409.59795 14.674
2453409.60284 14.6315
2453409.60779 14.7545
2453410.71741 14.605
2453410.72303 14.6535
2453410.72782 14.8225
2453411.71011 14.736
2453411.71491 14.658
2453411.71983 14.7535
2453411.72477 14.6995
2453414.59524 14.8325
2453414.60003 14.7945
2453414.60494 14.6745
2453414.60939 14.77
2453415.63487 14.569
2453415.63966 14.6285
2453415.65096 14.6445
2453415.65575 14.71
2453421.68554 14.86
2453421.69434 14.857
2453421.69947 14.7635
2453422.68932 14.697
2453422.69433 14.6405
2453422.69934 14.6765
2453422.70448 14.6855
2453423.62632 14.827
2453423.63123 14.9285
2453423.63625 14.738
2453423.64139 14.6775
2453424.59917 14.7695
2453424.6039 14.611
2453424.60888 14.7025
2453424.6139 14.5775
2453425.70615 14.645
2453425.71104 14.634
2453425.71603 14.7465
2453426.6775 14.881
2453426.68239 14.781
2453426.68739 14.793
2453426.69253 14.7475
2453427.67372 14.478
2453427.67861 14.592
2453427.68373 14.6835
2453427.68879 14.526
2453428.67069 14.697
2453428.67569 14.707
2453428.6808 14.743
2453428.68595 14.681
2453429.60672 14.6735
2453429.61172 14.806
2453429.61673 14.751
2453429.62176 14.897
2453430.60728 14.607
2453430.61217 14.513
2453430.61719 14.6305
2453430.62225 14.6115
2453431.59264 14.582
2453431.59764 14.6575
2453431.60277 14.7395
2453431.60793 14.706
2453432.60237 14.493
2453432.60797 14.551
2453432.61285 14.5675
2453433.62444 14.5005
2453433.62944 14.675
2453433.63455 14.614
2453433.6396 14.6795
2453434.59175 14.56
2453434.59675 14.565
2453434.60185 14.6675
2453434.6069 14.799
2453436.64469 14.635
2453436.64958 14.679
2453436.65469 14.7005
2453436.65972 14.625
2453438.64771 14.893
2453438.65261 14.914
2453438.65763 14.87
2453438.66267 14.7895
2453440.59575 14.8385
2453440.60075 15.2145
2453440.60586 14.833
2453443.62531 14.78
2453443.63031 14.808
2453443.63532 14.679
2453443.64038 14.64
2453446.50815 14.7545
2453446.51316 14.777
2453446.51817 14.836
2453461.51191 14.752
2453462.54175 14.831
2453462.5466 14.9475
2453462.55155 14.9215
2453462.55655 14.818
2453463.55591 14.838
2453463.56091 14.8325
2453463.56601 14.809
2453463.57111 14.6465
2453465.51035 14.851
2453465.51521 14.8865
2453465.52016 14.8475
2453465.52516 14.809
2453468.50812 14.808
2453468.51301 14.8595
2453468.51796 14.9125
2453468.52293 14.8725
2453470.51152 14.951
2453470.51636 14.893
2453470.52132 14.8565
2453470.52632 14.994
2453473.49971 14.703
2453473.50457 14.802
2453473.50952 14.721
2453473.51452 14.8485
2453600.88853 14.361
2453600.89384 14.5775
2453632.84704 14.635
2453632.8519 14.756
2453693.78671 14.7235
2453693.79178 14.787
2453693.79688 14.769
2453695.80556 14.7275
2453695.81064 14.6995
2453695.81572 14.746
2453696.77523 14.8435
2453696.78029 14.805
2453696.7854 14.829
2453699.75416 14.858
2453699.75925 14.7785
2453699.76437 14.817
2453700.81748 14.82
2453700.82254 14.8645
2453700.82766 14.778
2453701.75379 14.815
2453701.75876 14.897
2453701.76376 14.9305
2453702.75774 14.7915
2453702.76283 14.7255
2453702.76798 14.787
2453703.7727 14.7065
2453703.7778 14.687
2453703.78293 14.7385
2453704.77886 14.773
2453704.78391 14.7575
2453704.78899 14.825
2453705.79224 14.811
2453705.79733 14.789
2453705.80246 14.831
2453707.76765 14.7415
2453707.77261 14.8605
2453707.77762 14.801
2453708.75724 14.736
2453708.76221 14.731
2453708.76723 14.7305
2453709.75662 14.787
2453710.75487 14.7735
2453710.75984 14.9355
2453710.76482 14.8015
2453711.71987 14.8025
2453711.72484 14.812
2453711.72986 14.8595
2453712.71223 14.9495
2453712.71716 14.941
2453712.72216 14.894
2453713.58233 14.726
2453713.58727 14.861
2453713.59234 14.8405
2453713.62732 14.6985
2453713.63239 14.6675
2453713.63749 14.7725
2453713.65789 14.7545
2453713.66298 14.8285
2453713.66807 14.9125
2453713.7338 14.9045
2453713.73888 14.883
2453713.79262 14.851
2453713.79774 14.7195
2453713.82631 14.916
2453713.83141 14.8615
2453713.83655 14.904
2453714.74513 14.7955
2453714.75017 14.759
2453714.75527 14.7485
2453715.78889 14.951
2453715.79398 14.939
2453715.79911 14.9965
2453716.74377 14.95
2453716.74883 14.851
2453716.75394 14.948
2453717.7841 14.9095
2453717.78905 14.8555
2453717.79404 14.8335
2453718.7504 14.793
2453718.75552 14.7705
2453718.76065 14.7295
2453719.72765 14.665
2453719.73277 14.748
2453719.73791 14.612
2453720.75114 14.7285
2453720.75625 14.6805
2453720.76141 14.714
2453721.73815 14.589
2453721.74326 14.5785
2453721.74839 14.6135
2453722.71276 14.7655
2453722.71787 14.8355
2453722.72303 14.8785
2453723.76958 14.701
2453723.77456 14.6955
2453723.77959 14.674
2453724.69465 14.6895
2453724.69974 14.738
2453724.70487 14.6715
2453725.74686 14.6435
2453725.75183 14.7205
2453725.75688 14.6975
2453726.72591 14.8015
2453726.73092 14.772
2453726.73601 14.863
2453727.71272 14.8585
2453727.71783 14.867
2453727.72298 14.673
2453745.68562 14.9585
2453745.69071 14.943
2453745.69585 15.055
2453746.71437 14.617
2453746.71944 14.5685
2453746.72457 14.653
2453747.61737 14.9225
2453747.62247 14.8715
2453747.62757 14.8155
2453748.66846 14.5865
2453748.67358 14.486
2453748.67871 14.4575
2453750.70682 14.6665
2453750.7118 14.6265
2453750.71683 14.676
2453751.71717 14.567
2453751.72226 14.635
2453751.72741 14.599
2453752.78402 14.6825
2453753.67315 14.584
2453753.67812 14.683
2453753.68314 14.688
2453754.68086 14.6725
2453754.68594 14.715
2453754.69106 14.6705
2453755.64213 14.6885
2453755.64724 14.708
2453755.65239 14.7375
2453756.64644 14.931
2453756.6514 14.8385
2453756.65641 14.776
2453757.73049 14.6745
2453757.73558 14.6765
2453757.74068 14.6955
2453758.65494 14.6865
2453758.66005 14.728
2453758.6652 14.7995
2453759.65086 14.5905
2453759.65593 14.673
2453759.66105 14.8085
2453760.70423 14.831
2453760.7093 14.7655
2453760.71442 14.7495
2453761.70365 14.746
2453761.70873 14.8185
2453761.71384 14.9275
2453762.68999 14.8395
2453762.69509 14.7885
2453762.70022 14.7815
2453763.61094 14.819
2453763.61603 14.766
2453764.70282 14.7985
2453764.70868 14.8055
2453764.71467 14.9795
2453766.58457 14.79
2453766.58969 14.774
2453766.5948 14.7015
2453770.68235 15.0825
2453770.68745 14.886
2453770.69259 14.9405
2453771.6151 14.829
2453771.62018 14.8185
2453771.62533 14.8695
2453772.64376 14.856
2453772.64887 14.8155
2453772.654 14.8435
2453773.62446 14.8275
2453773.62957 14.832
2453773.63472 14.7415
2453774.64452 14.801
2453774.64964 14.8205
2453774.65479 14.808
2453775.57916 14.8345
2453775.58428 14.87
2453775.58944 14.8335
2453776.58622 14.745
2453776.59134 14.669
2453776.59645 14.7475
2453777.62604 14.804
2453777.63117 14.8
2453777.63632 14.7475
2453778.62188 14.819
2453778.62697 14.847
2453778.63213 14.8465
2453779.62914 14.9235
2453779.63424 14.9495
2453779.63939 14.8585
2453780.6474 14.719
2453780.65248 14.818
2453780.65762 14.74
2453782.64208 14.942
2453782.64721 14.979
2453782.65235 14.9365
2453783.61238 14.855
2453783.61747 14.8815
2453783.62259 14.8045
2453784.59232 14.773
2453784.59741 14.769
2453784.6025 14.771
2453785.64343 14.746
2453785.64851 14.787
2453785.65364 14.911
2453786.6052 14.6475
2453786.61032 14.7065
2453786.61545 14.7265
2453787.64494 14.6725
2453787.65005 14.8415
2453787.65519 14.883
2453788.61917 14.748
2453788.62424 14.788
2453788.62938 14.782
2453789.66466 14.754
2453789.66977 14.64
2453789.67492 14.7465
2453790.61619 14.7845
2453790.62125 14.6645
2453790.62638 14.6715
2453791.60196 14.68
2453791.60705 14.697
2453791.6122 14.655
2453792.60901 14.7385
2453792.61411 14.775
2453792.61921 14.7955
2453793.60416 14.6135
2453793.60925 14.657
2453793.6144 14.6555
2453795.65764 14.6005
2453795.66275 14.5445
2453795.6679 14.6305
2453796.60228 14.8035
2453796.60747 14.718
2453796.61251 14.7955
2453798.61668 14.653
2453798.62176 14.662
2453798.62692 14.671
2453799.59439 14.645
2453799.59946 14.8005
2453799.60457 14.892
2453800.62601 14.8295
2453800.63141 14.919
2453800.63657 14.7945
2453801.61892 14.864
2453801.62359 14.6225
2453969.89217 14.737
2453969.89727 14.7555
2453969.90243 14.6415
2453970.89198 14.4455
2453970.8971 14.5095
2453970.90225 14.5015
2453971.88756 14.499
2453971.89269 14.547
2453971.89782 14.6375
2453974.87433 14.939
2453974.87935 14.8975
2453975.85908 14.9435
2453975.86406 14.9415
2453975.86908 14.8305
2453980.90658 14.5795
2453980.91157 14.746
2453980.91658 14.573
2453981.89225 14.767
2453981.89737 14.7715
2453982.90299 14.6195
2453982.90797 14.6055
2453982.913 14.601
2453987.86014 14.713
2453987.86512 14.6925
2453987.87013 14.658
2453989.83867 14.716
2453989.84366 14.859
2453989.8487 14.7105
2453990.85467 14.8245
2453990.85967 14.9265
2453990.86468 14.931
2453993.88636 14.5875
2453993.89149 14.5725
2453993.89664 14.722
2453994.86058 14.771
2453994.86567 14.745
2453994.87079 14.651
2453995.86948 14.854
2453995.87457 14.737
2453995.87969 14.69
2453996.86559 14.6565
2453996.87058 14.714
2453996.87561 14.6715
2453998.83172 14.629
2453998.83682 14.7825
2453998.84195 14.7265
2453999.86648 14.76
2453999.87161 14.8575
2453999.87675 14.925
2454001.80746 14.6915
2454001.81256 14.717
2454001.81767 14.5025
2454002.86225 14.8325
2454002.86734 14.691
2454002.87249 14.6825
2454003.83233 14.764
2454003.83743 14.7175
2454003.84256 14.7165
2454004.83871 14.5995
2454004.84381 14.4655
2454004.84893 14.5315
2454006.8314 14.693
2454006.8365 14.701
2454006.84163 14.698
2454007.85401 14.7785
2454007.85912 14.5475
2454007.86425 14.6095
2454008.86161 14.4435
2454008.8667 14.509
2454008.87184 14.664
2454009.85287 14.599
2454009.85795 14.535
2454009.86308 14.5775
2454010.82885 14.5525
2454010.83394 14.473
2454010.83909 14.589
2454011.84168 14.6675
2454011.8468 14.6225
2454011.85196 14.691
2454013.83068 14.633
2454013.83577 14.6655
2454013.84092 14.6515
2454017.7949 14.5595
2454017.8 14.6695
2454017.80512 14.667
2454018.84083 14.512
2454018.84592 14.3985
2454018.85105 14.571
2454019.82704 14.4275
2454019.83212 14.4465
2454019.83727 14.491
2454020.8217 14.2795
2454020.8268 14.373
2454020.83194 14.5445
2454021.78927 14.487
2454021.79438 14.515
2454021.79953 14.545
2454023.79033 14.48
2454023.79535 14.6275
2454023.8004 14.477
2454024.80618 14.254
2454024.81119 14.4935
2454024.81622 14.3955
2454025.79222 14.505
2454025.79721 14.4535
2454025.80225 14.2075
2454026.80666 14.543
2454026.81167 14.6305
2454026.81672 14.6155
2454027.76645 14.6145
2454027.77156 14.555
2454027.7767 14.594
2454028.73748 14.5755
2454028.74256 14.681
2454028.74758 14.4625
2454029.7541 14.8205
2454029.75921 14.7595
2454029.76448 14.872
2454030.71343 14.592
2454030.71854 14.668
2454030.7237 14.4615
2454031.80188 14.503
2454031.807 14.6105
2454031.81214 14.4915
2454032.75371 14.613
2454032.75881 14.564
2454032.76396 14.587
2454035.79285 14.6145
2454035.79783 14.6825
2454035.80285 14.454
2454036.78653 14.4435
2454036.79152 14.4365
2454036.79654 14.4435
2454037.74329 14.524
2454037.74828 14.511
2454037.7533 14.46
2454038.74028 14.651
2454038.74526 14.538
2454038.75026 14.575
2454039.76655 14.5305
2454039.77677 14.5175
2454040.75974 14.69
2454040.76483 14.547
2454040.76998 14.5475
2454041.77747 14.5035
2454041.78245 14.4885
2454041.78747 14.6155
2454042.7768 14.643
2454042.78193 14.6875
2454042.78706 14.667
2454043.75204 14.401
2454043.75714 14.658
2454043.76226 14.4805
2454045.74166 14.76
2454045.74676 14.9725
2454045.75178 14.7705
2454046.75704 14.872
2454046.76214 14.7815
2454046.76728 14.799
2454047.76918 14.8585
2454047.77417 14.6955
2454047.7792 14.6245
2454048.75515 14.372
2454048.76027 14.5675
2454048.76542 14.5225
2454049.76246 14.5165
2454049.76757 14.4685
2454049.77272 14.5255
2454050.75813 14.592
2454050.76323 14.533
2454050.76835 14.426
2454051.7655 14.468
2454051.7706 14.454
2454051.77573 14.6435
2454052.80405 14.468
2454052.80903 14.4545
2454052.81406 14.509
2454053.74678 14.4635
2454053.75177 14.335
2454053.75677 14.585
2454054.75593 14.662
2454054.7609 14.6385
2454054.76593 14.539
2454055.76463 14.7285
2454055.76963 14.5825
2454055.77466 14.6595
2454056.75834 14.7435
2454056.76346 14.8315
2454056.76861 14.9125
2454057.75314 14.6215
2454057.75823 14.65
2454057.76336 14.657
2454058.80207 14.702
2454058.80716 14.7
2454058.81232 14.751
2454059.72269 14.685
2454060.72627 14.4305
2454060.73138 14.6155
2454060.73653 14.656
2454062.64211 14.5405
2454062.64722 14.7455
2454062.65237 14.6305
2454062.65751 14.6055
2454062.66264 14.6945
2454062.66778 14.608
2454062.67292 14.6405
2454062.67805 14.8245
2454062.68318 14.7095
2454062.68832 14.8325
2454062.69345 14.6615
2454062.69858 14.78
2454062.70375 14.7435
2454062.70891 14.927
2454062.71407 15.0745
2454062.71922 15.138
2454062.72438 14.8055
2454062.72952 14.8235
2454062.73467 14.817
2454062.74049 14.7665
2454062.74589 14.784
2454062.75104 14.6925
2454062.7562 14.74
2454062.76136 14.8725
2454062.76652 14.682
2454062.77167 14.6105
2454062.77683 14.7205
2454062.78197 14.641
2454062.78713 14.7105
2454062.79229 14.729
2454062.79745 14.7715
2454062.8026 14.5965
2454062.80776 14.5905
2454062.81291 14.561
2454062.81804 14.72
2454062.82318 14.764
2454062.82833 14.8075
2454062.83346 14.754
2454062.8386 14.7515
2454062.84372 14.6495
2454063.70769 14.59
2454063.71281 14.617
2454063.71797 14.788
2454064.74465 14.6035
2454064.74975 14.619
2454064.75488 14.668
2454065.78053 14.757
2454065.78566 14.6995
2454065.79081 14.6705
2454066.78682 14.432
2454066.79193 14.5185
2454066.79709 14.518
2454067.7659 14.667
2454067.77102 14.6115
2454067.77616 14.55
2454068.77489 14.542
2454068.78 14.4995
2454068.78515 14.6275
2454069.76792 14.691
2454069.77303 14.743
2454069.77819 14.6085
2454070.77314 14.7275
2454070.77826 14.6835
2454070.78342 14.7085
2454071.77741 14.6245
2454071.78252 14.7245
2454071.78767 14.832
2454072.70431 14.8215
2454072.70943 14.7335
2454072.7146 14.7295
2454073.71215 14.718
2454073.71727 14.719
2454073.72242 14.699
2454074.70881 14.582
2454074.71391 14.652
2454074.71906 14.5415
2454075.62839 14.6265
2454075.63397 14.6195
2454075.63908 14.7065
2454075.64425 14.5805
2454075.73143 14.689
2454075.73656 14.6005
2454075.74168 14.552
2454075.74683 14.7565
2454079.80035 14.6855
2454079.80547 14.6515
2454079.81062 14.7585
2454080.74166 14.4765
2454080.74675 14.492
2454080.75188 14.599
2454082.71236 14.669
2454082.71747 14.6415
2454082.72262 14.6645
2454083.67129 14.7055
2454083.67641 14.6675
2454083.68167 14.5835
2454084.70709 14.704
2454084.7122 14.6495
2454084.71735 14.781
2454085.69673 14.8185
2454085.70183 14.805
2454085.70697 14.7185
2454086.71342 14.7555
2454086.71853 14.5815
2454086.7237 14.5915
2454087.65661 14.5375
2454087.66171 14.586
2454087.66686 14.449
2454088.64661 14.632
2454088.6516 14.684
2454088.65662 14.5985
2454089.67857 14.6235
2454089.68367 14.7935
2454089.68881 14.7445
2454090.72519 14.675
2454090.73028 14.6565
2454090.73551 14.732
2454091.64924 14.7385
2454091.65424 14.6885
2454091.65926 14.5925
2454092.69289 14.457
2454092.69799 14.5045
2454092.70314 14.505
2454093.71732 14.5035
2454093.72242 14.4495
2454093.72756 14.5525
2454094.69605 14.5415
2454095.68718 14.6465
2454095.6923 14.6595
2454095.69745 14.4915
2454096.70884 14.536
2454096.71396 14.5285
2454096.71914 14.5465
2454097.77875 14.5775
2454097.78389 14.7035
2454097.78905 14.7965
2454099.76105 14.509
2454099.76616 14.667
2454099.77127 14.627
2454103.7534 14.792
2454103.75848 14.858
2454103.76361 14.7955
2454104.70465 14.671
2454104.70975 14.638
2454104.71487 14.579
2454105.75117 14.5155
2454105.75628 14.611
2454105.76144 14.593
2454106.70162 14.4635
2454106.70671 14.59
2454106.71186 14.4835
2454107.72637 14.621
2454107.73149 14.6585
2454107.73665 14.7905
2454108.68905 14.5765
2454108.69417 14.541
2454108.69933 14.5545
2454109.74437 14.6525
2454109.75586 14.6635
2454110.71224 14.612
2454110.71737 14.654
2454110.72252 14.697
2454111.72194 14.55
2454111.72706 14.534
2454111.73221 14.6055
2454112.72844 14.685
2454112.73356 14.8375
2454112.7387 14.9275
2454113.66978 14.5975
2454113.6749 14.6065
2454113.68006 14.5865
2454114.69616 14.896
2454114.70125 14.927
2454114.70637 14.7475
2454115.71919 14.728
2454115.72427 14.6405
2454116.61788 14.777
2454117.65524 14.577
2454117.66039 14.758
2454117.66558 14.892
2454118.74699 14.7315
2454118.752 14.8585
2454118.75703 14.6925
2454119.69115 14.6115
2454119.69615 14.6955
2454119.7012 14.7085
2454120.71404 14.716
2454120.71903 14.7315
2454120.72404 14.901
2454121.71015 14.5895
2454121.7153 14.8385
2454121.72048 14.667
2454122.69125 14.8575
2454122.69638 14.894
2454122.70157 14.7875
2454123.67587 14.8425
2454123.68107 14.735
2454123.68631 14.521
2454124.69573 14.741
2454124.70094 14.637
2454124.70618 14.827
2454125.71495 14.7135
2454125.72011 14.786
2454125.72532 14.5875
2454126.66449 14.703
2454126.66964 14.7625
2454126.67486 14.782
2454127.65048 14.703
2454127.65568 14.706
2454127.66091 14.6375
2454128.66224 14.754
2454128.66743 14.649
2454128.67267 14.755
2454130.70767 14.8575
2454130.71282 14.7855
2454131.69488 14.753
2454131.70005 14.771
2454131.70527 14.7995
2454132.65947 14.772
2454132.66468 14.821
2454132.66993 14.6445
2454133.71104 14.634
2454133.71621 14.6015
2454133.72142 14.6585
2454135.68004 14.6215
2454135.68519 14.647
2454135.6904 14.5125
2454136.6872 14.7865
2454136.6924 14.7775
2454136.69764 14.6955
2454137.6645 14.6685
2454137.66971 14.697
2454137.67493 14.7365
2454138.6356 14.882
2454138.64081 14.702
2454138.646 14.8505
2454139.65202 14.5575
2454139.65722 14.7025
2454139.66247 14.698
2454147.59956 14.557
2454147.60431 14.514
2454149.56565 14.755
2454149.5704 14.6465
2454149.57519 14.6
2454150.59023 14.771
2454150.59499 14.737
2454150.59978 14.732
2454151.62507 14.7
2454151.62982 14.7085
2454151.63462 14.6955
2454152.56349 14.828
2454152.56826 14.814
2454152.57305 14.8385
2454153.58624 14.6055
2454153.591 14.623
2454153.59579 14.613
2454154.5984 14.729
2454154.60315 14.706
2454154.60794 14.762
2454155.62162 14.8335
2454155.62638 14.8645
2454155.63117 14.7605
2454156.63265 14.781
2454156.63741 14.6955
2454156.6422 14.653
2454157.55091 14.916
2454157.55567 14.7995
2454157.56046 14.878
2454159.54694 14.8395
2454159.55169 14.8535
2454159.55649 14.732
2454160.59107 14.947
2454160.59583 14.861
2454160.60062 14.904
2454162.56404 14.871
2454162.56879 14.886
2454162.57358 14.964
2454164.53975 14.6595
2454164.54451 14.6325
2454164.5493 14.5715
2454166.54627 14.699
2454166.55102 14.7175
2454166.55581 14.7405
2454168.58258 14.8295
2454168.58733 14.831
2454168.59212 14.847
2454170.5958 14.824
2454170.60056 14.808
2454170.60535 14.8485
2454172.6013 14.6975
2454172.60605 14.5515
2454172.61084 14.627
2454173.58253 14.832
2454173.58729 14.74
2454173.59208 14.7315
2454176.58365 14.919
2454176.5884 14.917
2454176.59319 14.887
2454178.57046 14.6915
2454178.57522 14.7625
2454178.58001 14.6425
2454179.58771 14.647
2454179.59247 14.704
2454179.59726 14.5535
2454189.57901 14.7015
2454190.57125 14.7785
2454190.57604 14.6465
2454191.56341 14.6625
2454191.56816 14.561
2454191.57295 14.648
2454192.54283 14.7885
2454192.54759 14.8465
2454192.54283 14.7235
2454192.54759 14.858
2454192.55238 14.786
2454193.54854 14.968
2454193.55329 14.7875
2454193.55808 14.7905
2454194.53707 14.786
2454194.54183 14.7325
2454194.54662 14.6765
2454196.53034 14.6175
2454196.53509 14.586
2454196.53989 14.618
2454197.52642 14.646
2454197.53117 14.718
2454197.53596 14.7505
2454198.55536 14.835
2454198.56012 14.7
2454198.56491 14.6495
2454199.54398 14.722
2454199.54874 14.5755
2454199.55353 14.736
2454200.51062 14.9215
2454200.51537 14.8085
2454200.52016 14.912
2454202.49401 14.745
2454202.49876 14.634
2454202.50355 14.5515
2454203.49881 14.6315
2454203.50357 14.715
2454203.50836 14.755
2454204.47695 14.642
2454204.48171 14.694
2454204.4865 14.772
2454205.50549 14.699
2454205.51024 14.7515
2454205.51504 14.7595
2454219.46354 14.621
2454219.46829 14.746
2454219.47308 14.735
2454220.45218 14.6995
2454220.45694 14.668
2454220.46173 14.696
2454363.85028 14.659
2454363.85506 14.7355
2454363.85986 14.6675
2454371.82233 14.7955
2454371.82716 14.789
2454371.83202 14.911
2454372.83897 14.957
2454372.84377 14.8765
2454372.84862 14.908
2454374.85296 14.7895
2454374.8578 14.7765
2454375.84127 14.786
2454375.84606 14.8485
2454375.8509 14.881
2454376.82673 14.7755
2454376.83152 14.7625
2454376.83637 14.83
2454377.81635 14.835
2454377.82116 14.8355
2454377.82654 14.872
2454378.85093 14.803
2454378.85574 14.7335
2454378.86058 14.6885
2454380.76725 14.82
2454380.77207 14.8315
2454380.77691 14.7575
2454381.81947 14.776
2454381.82431 14.8425
2454381.82917 14.7675
2454382.89388 14.889
2454384.82084 14.921
2454384.82568 14.8885
2454386.78113 14.715
2454386.78595 14.6985
2454386.79081 14.756
2454388.78355 14.895
2454388.78836 14.9495
2454388.79321 14.9365
2454389.75083 14.9435
2454389.75563 14.8605
2454389.76045 15.0285
2454390.7631 14.8855
2454390.76792 14.8965
2454390.77278 14.8125
2454391.80756 14.907
2454391.81238 14.866
2454391.81724 14.812
2454392.82486 14.9135
2454392.82967 14.9705
2454392.83452 14.9765
2454393.7705 14.7615
2454393.77532 14.7785
2454393.78018 14.8605
2454394.73431 14.8675
2454394.73912 14.949
2454394.74396 14.9175
2454395.78397 14.8165
2454395.78879 14.911
2454395.79364 14.7795
2454396.79479 14.771
2454396.79959 14.7
2454396.80444 14.8615
2454399.77796 15.117
2454399.78281 15.103
2454400.80207 14.912
2454400.80688 14.9465
2454400.81172 15.0315
2454401.80847 14.8405
2454401.81329 14.8165
2454401.81814 14.8335
2454403.78269 14.881
2454403.7875 14.851
2454403.79235 14.8245
2454404.77179 14.9635
2454404.78145 14.963
2454406.83037 14.8915
2454406.83518 14.87
2454406.84003 14.833
2454408.77408 14.8005
2454408.77889 14.7885
2454408.78375 14.72
2454409.72523 14.689
2454409.73004 14.916
2454409.73488 14.694
2454410.74961 14.9325
2454410.75443 14.9305
2454410.75929 14.9845
2454411.78119 14.9375
2454411.78601 14.8905
2454411.79086 14.9055
2454412.777 14.856
2454412.78182 14.8405
2454412.78667 14.798
2454413.76435 14.746
2454413.76919 14.818
2454413.77406 14.8275
2454414.77616 14.8885
2454414.78097 14.9865
2454414.78583 14.8595
2454415.76848 14.9525
2454415.7733 14.9895
2454415.77816 14.9915
2454416.75911 14.9035
2454416.76393 14.9905
2454416.76879 14.919
2454418.69082 14.8935
2454418.69564 14.8565
2454418.70049 14.884
2454419.77033 14.763
2454419.77515 14.824
2454419.78001 14.825
2454420.73177 14.833
2454420.73659 14.863
2454420.74145 14.9215
2454421.7522 14.993
2454421.75702 14.9215
2454421.76187 14.904
2454422.78317 14.8355
2454422.788 14.7985
2454422.79285 14.8645
2454423.71646 14.853
2454423.72128 14.8935
2454423.72614 14.802
2454424.74039 14.7295
2454424.74521 14.785
2454424.75007 14.7425
2454425.74423 14.748
2454425.74906 14.7525
2454425.75393 14.7805
2454426.67876 14.765
2454426.68359 14.731
2454426.68843 14.8105
2454427.74189 14.92
2454427.74672 14.951
2454427.75159 14.9035
2454427.75569 14.8725
2454428.7555 14.834
2454428.76035 14.808
2454429.74831 14.7955
2454429.75313 14.7715
2454429.758 14.8635
2454430.71478 14.798
2454430.7196 14.8065
2454430.72444 14.921
2454431.74761 14.8865
2454431.75245 14.8885
2454431.7573 14.9365
2454432.75435 14.932
2454432.75917 14.873
2454432.76402 14.961
2454433.75163 14.891
2454433.75643 14.721
2454433.76127 14.824
2454434.73242 14.7295
2454434.73724 14.766
2454434.74208 14.898
2454435.71516 14.7365
2454435.71998 14.762
2454435.72484 14.8335
2454436.77107 15.028
2454436.7759 15.044
2454436.78075 14.969
2454437.79551 14.786
2454437.80032 14.768
2454437.80518 14.81
2454438.77628 14.7515
2454438.78109 14.732
2454438.78594 14.7885
2454439.69369 14.9655
2454439.69851 14.896
2454439.70334 14.93
2454440.72403 14.756
2454440.72886 14.8205
2454440.73371 14.7635
2454441.70577 14.878
2454441.71059 14.848
2454441.71545 14.8815
2454442.6892 14.825
2454442.69402 14.7385
2454442.69887 14.8995
2454444.74151 14.742
2454444.74635 14.777
2454444.75121 14.9125
2454445.69879 14.905
2454445.70361 14.921
2454446.71567 14.8425
2454446.72049 14.8665
2454446.72533 14.9055
2454447.73198 14.8655
2454447.73679 14.936
2454447.74164 14.8025
2454448.72593 14.959
2454448.73073 14.8795
2454448.73558 14.9945
2454449.73575 14.823
2454449.74056 14.919
2454449.74542 14.881
2454450.68836 14.9715
2454450.69319 14.935
2454450.69804 14.9
2454451.78621 14.8485
2454451.79102 14.897
2454451.79587 14.9665
2454452.76582 14.933
2454452.77063 15.002
2454452.77549 14.8905
2454453.68964 14.9185
2454453.69446 14.9575
2454453.69932 14.863
2454454.71365 14.9115
2454454.71847 14.946
2454454.72333 14.963
2454455.72704 14.8535
2454455.73186 14.85
2454455.73672 14.7825
2454456.76 14.873
2454456.76482 14.8845
2454456.7697 14.9285
2454456.86727 14.832
2454464.79068 14.7715
2454464.79555 14.742
2454464.80044 14.7905
2454465.76665 14.7665
2454465.77148 14.7875
2454465.77633 14.8305
2454466.83982 14.9015
2454466.84465 14.91
2454466.8495 14.9455
2454467.77335 14.9185
2454467.77817 14.8745
2454467.78303 14.932
2454468.75984 14.985
2454468.76465 14.882
2454468.76952 14.944
2454469.75491 14.9065
2454469.75975 14.8795
2454469.76462 14.992
2454470.73366 14.8715
2454470.7385 14.794
2454470.74338 14.8155
2454471.7053 14.866
2454471.71015 14.8305
2454471.71502 14.802
2454472.68181 14.863
2454472.68663 14.806
2454472.69148 14.969
2454473.70351 14.891
2454473.70834 14.912
2454473.71321 14.9145
2454474.72649 14.904
2454474.73131 14.977
2454474.73618 14.87
2454475.69646 14.8995
2454475.70131 14.996
2454475.70619 14.965
2454477.65959 14.9165
2454477.66441 14.976
2454477.66928 14.9305
2454478.68098 14.8165
2454478.68581 14.7875
2454478.69068 14.8065
2454479.67438 14.787
2454479.67921 14.8615
2454479.68408 14.81
2454480.6808 14.865
2454480.68562 14.9285
2454480.69046 14.967
2454481.68624 14.9695
2454481.69106 14.962
2454481.69591 14.971
2454482.61558 14.9625
2454482.6204 14.9515
2454482.62526 14.97
2454482.63025 14.9205
2454483.66881 14.777
2454483.67363 14.7695
2454483.67849 14.7855
2454484.615 14.8405
2454484.61983 14.811
2454484.6247 14.884
2454485.7184 14.9255
2454485.72323 14.9025
2454485.72809 14.924
2454486.64679 14.8465
2454486.65162 14.922
2454486.65648 14.8045
2454487.67643 14.867
2454487.68125 14.9245
2454487.68611 14.926
2454488.63409 15.0235
2454488.63891 14.9335
2454488.64378 15.043
2454489.65294 14.8195
2454489.65774 14.879
2454489.66259 14.825
2454490.75647 14.9045
2454490.76129 14.886
2454490.76615 14.7025
2454491.67698 14.946
2454491.68178 14.926
2454491.68663 14.9155
2454492.72205 14.862
2454492.72688 14.8575
2454492.73175 14.917
2454493.7139 14.8215
2454493.71871 14.82
2454493.72355 14.8405
2454494.73916 14.859
2454494.74396 14.9615
2454494.74879 14.9475
2454496.69442 14.9735
2454496.69923 14.8925
2454496.70406 14.947
2454497.6666 14.9445
2454497.67142 14.953
2454497.67629 14.904
2454498.62346 14.9495
2454498.62826 14.9865
2454498.6331 14.8895
2454499.681 14.854
2454499.68583 14.7935
2454499.69072 14.8915
2454500.59832 14.9075
2454500.60313 14.9045
2454500.60797 14.926
2454501.65097 14.8785
2454501.65578 14.8355
2454501.66062 14.867
2454502.71829 14.913
2454502.72309 14.77
2454502.72792 14.7865
2454505.56534 14.9745
2454505.57014 15.008
2454505.57498 15.0085
2454507.68311 15.047
2454507.6879 15.144
2454507.69274 15.023
2454508.64603 15.0275
2454508.65082 15.023
2454508.65565 15.07
2454509.53666 14.8955
2454509.54146 14.856
2454509.54629 14.8845
2454510.63138 14.8395
2454510.63617 14.8935
2454510.641 14.9
2454511.64114 14.798
2454511.64595 14.8185
2454511.6508 14.872
2454513.57757 14.8185
2454513.58237 14.81
2454513.58721 14.918
2454514.70044 14.7995
2454514.70524 14.781
2454514.71007 14.9045
2454515.67076 14.735
2454515.67556 14.8155
2454515.68039 14.8405
2454517.6442 14.78
2454517.649 14.793
2454517.65383 14.7445
2454518.60929 14.8465
2454518.61409 14.802
2454518.61892 14.9035
2454519.6862 14.866
2454519.69099 15.037
2454519.69583 14.847
2454520.63782 14.8565
2454520.64262 14.838
2454520.64746 14.8375
2454521.60977 14.8385
2454521.61457 14.86
2454521.61941 14.8185
2454522.68857 14.8825
2454522.69337 14.988
2454522.6982 15.017
2454523.56984 14.744
2454523.57464 14.7785
2454523.57948 14.832
2454524.59891 14.95
2454524.60371 14.9225
2454524.60854 14.997
2454527.56014 14.9505
2454527.56494 14.904
2454527.56977 14.9275
2454532.59222 14.944
2454532.59702 14.9655
2454532.60185 14.924
2454536.60609 14.9995
2454536.6109 14.982
2454536.61573 14.959
2454541.59154 15.0475
2454541.59634 15.0415
2454541.60117 15.031
2454543.60106 14.865
2454543.60586 14.9145
2454543.61069 14.8975
2454546.54165 14.786
2454546.54645 14.735
2454546.55129 14.8635
2454548.58041 14.796
2454548.58521 14.9015
2454548.59005 14.9445
2454553.58604 14.911
2454553.59085 14.9515
2454553.59569 14.829
2454555.53725 14.8915
2454555.54204 14.816
2454555.54688 14.8805
2454557.52558 14.837
2454557.53039 14.827
2454557.53521 14.889
2454560.58056 14.8705
2454560.58535 14.8935
2454560.59019 14.8805
2454699.90843 14.8545
2454699.91326 14.7825
2454699.91811 14.8625
2454700.86846 14.718
2454700.87329 14.9175
2454700.87815 14.89
2454701.87158 14.8195
2454701.87639 14.7105
2454701.88126 14.8215
2454702.85263 14.895
2454702.85745 14.9395
2454702.86232 14.801
2454703.85856 14.704
2454703.86338 14.884
2454703.86825 14.9465
2454704.86579 14.95
2454704.87063 14.859
2454704.8755 14.8475
2454707.87168 14.7165
2454707.87651 14.803
2454707.88137 14.7505
2454708.88133 14.781
2454708.88616 14.856
2454708.89102 14.8925
2454709.87024 14.9215
2454709.87511 15.04
2454710.85434 14.911
2454710.85916 14.9565
2454710.86403 14.874
2454715.88948 14.863
2454715.89433 14.9705
2454715.89921 14.896
2454720.84521 14.787
2454720.85004 14.7955
2454720.8549 14.792
2454722.87271 14.655
2454722.87753 14.6715
2454722.88239 14.569
2454723.87349 14.6425
2454723.87832 14.693
2454723.88318 14.682
2454725.83228 14.557
2454725.83711 14.664
2454725.84198 14.713
2454726.8695 14.751
2454726.87433 14.687
2454726.87919 14.6725
2454728.88333 14.6765
2454728.88816 14.7395
2454728.89302 14.739
2454729.82582 14.791
2454729.83066 14.8715
2454729.83553 14.737
2454731.90077 14.789
2454731.9056 14.793
2454731.91048 14.734
2454732.86043 14.685
2454732.86526 14.8155
2454732.87013 14.8275
2454733.83511 14.7635
2454733.83995 14.708
2454733.84482 14.7865
2454734.85583 14.774
2454734.86066 14.843
2454734.86553 14.7805
2454736.81565 14.769
2454736.82048 14.7325
2454736.82536 14.6985
2454737.81239 14.88
2454737.81723 14.8955
2454737.82211 14.8265
2454738.812 14.853
2454738.81683 14.874
2454738.8217 14.9515
2454738.82573 14.745
2454740.83913 14.7465
2454740.84401 14.7725
2454743.84141 14.8355
2454743.84625 14.776
2454743.85114 14.8185
2454744.8325 14.7325
2454744.83733 14.6425
2454744.84219 14.646
2454746.85645 14.7975
2454746.86128 14.883
2454746.86615 14.695
2454747.8284 14.732
2454747.83324 14.782
2454747.8381 14.802
2454752.78178 14.7435
2454752.78661 14.742
2454752.79147 14.8535
2454753.79616 14.8975
2454753.80099 14.955
2454753.80586 14.908
2454754.81746 14.917
2454754.82229 14.781
2454754.82716 14.774
2454757.79216 14.78
2454757.797 14.83
2454757.80187 14.835
2454759.75048 14.8015
2454759.75532 14.816
2454759.76019 14.797
2454762.77432 14.876
2454762.77916 14.825
2454762.78404 14.8885
2454763.79463 14.983
2454763.79947 14.9715
2454763.80435 14.928
2454766.81413 14.766
2454766.81899 14.825
2454766.82386 14.7965
2454768.81112 14.8565
2454768.81596 14.819
2454768.82084 14.8675
2454770.73122 14.8255
2454770.73606 14.8535
2454770.74092 15.012
2454771.75303 14.7595
2454771.75787 14.8585
2454771.76275 14.93
2454773.75863 14.6485
2454773.76347 14.7615
2454773.76836 14.7525
2454776.76805 14.891
2454776.77291 14.893
2454776.7778 14.8765
2454777.7754 14.8525
2454777.78024 14.7335
2454777.78512 14.7655
2454779.78276 14.8825
2454779.78761 14.8695
2454779.79249 14.9345
2454781.7626 14.957
2454781.76746 14.928
2454781.77236 14.8245
2454782.77146 14.8585
2454782.77632 14.8025
2454782.78121 14.818
2454783.74638 14.8935
2454783.75122 14.9125
2454783.75611 14.897
2454786.71574 14.879
2454786.7206 14.854
2454786.72549 14.8975
2454787.74382 14.9755
2454787.74867 15.0075
2454787.75355 14.9645
2454788.73518 14.8815
2454788.74004 14.817
2454788.74493 14.8315
2454789.78577 14.8155
2454789.7906 14.7995
2454789.79547 14.861
2454790.70799 14.755
2454790.71282 14.768
2454790.71768 14.7605
2454791.74833 14.8445
2454791.75316 14.8235
2454791.75803 14.908
2454792.74031 14.9415
2454792.74514 14.911
2454792.75001 14.8495
2454793.73957 14.905
2454793.74439 14.86
2454793.74927 14.8785
2454794.77078 14.769
2454794.77561 14.763
2454794.78048 14.8005
2454795.74444 14.7435
2454795.74928 14.796
2454795.75415 14.772
2454796.75194 14.8785
2454796.7568 14.8525
2454796.76169 14.9155
2454797.77665 14.711
2454797.78149 14.653
2454797.78636 14.738
2454799.77427 14.6835
2454799.7791 14.7495
2454799.78398 14.6995
2454800.69426 14.695
2454800.6991 14.6425
2454800.70397 14.647
2454802.75913 14.678
2454802.76397 14.7505
2454802.76886 14.803
2454805.75352 14.641
2454805.75836 14.702
2454805.76324 14.714
2454808.71069 14.875
2454808.71554 14.753
2454808.72043 14.731
2454811.78843 14.984
2454811.79323 14.8425
2454811.79807 14.942
2454814.7306 14.841
2454814.73541 14.74
2454814.74025 14.6685
2454817.70729 14.5855
2454817.7121 14.6185
2454817.71694 14.6245
2454820.70653 14.7105
2454820.71134 14.6275
2454820.71617 14.5165
2454823.65717 14.616
2454823.66197 14.6015
2454823.66682 14.603
2454827.74057 14.622
2454827.74537 14.7155
2454827.75022 14.678
2454838.74341 14.787
2454838.74822 14.804
2454838.75307 14.7585
2454841.70345 14.593
2454841.70826 14.567
2454841.7131 14.613
2454844.61264 14.608
2454846.71785 14.7835
2454847.62238 14.8725
2454850.63727 14.7215
2454851.58009 14.679
2454851.58487 14.5505
2454851.58965 14.6215
2454851.59741 14.645
2454851.60218 14.533
2454851.64225 14.6025
2454851.64703 14.6845
2454851.67048 14.6795
2454851.67525 14.7055
2454851.69354 14.7345
2454851.69831 14.631
2454851.70725 14.726
2454851.71202 14.767
2454851.7345 14.6835
2454851.73928 14.66
2454854.52704 14.602
2454854.54664 14.676
2454854.55206 14.5995
2454854.57119 14.672
2454854.58098 14.712
2454854.58585 14.829
2454854.59575 14.7725
2454854.60057 14.785
2454854.61037 14.751
2454854.61526 14.7795
2454854.62307 14.8085
2454854.628 14.6835
2454854.64588 14.6605
2454854.6507 14.5715
2454854.6639 14.6455
2454854.6688 14.6135
2454854.67862 14.5215
2454854.68368 14.5645
2454854.69367 14.5715
2454854.72268 14.661
2454855.53252 14.731
2454855.53731 14.704
2454855.56271 14.687
2454855.57812 14.7315
2454855.58306 14.7405
2454855.59262 14.638
2454855.62132 14.543
2454855.62614 14.5965
2454855.63584 14.647
2454855.64078 14.687
2454855.65374 14.648
2454855.65872 14.6095
2454855.66762 14.659
2454855.67828 14.592
2454855.68341 14.648
2454855.69328 14.6095
2454855.69807 14.5845
2454855.70759 14.6945
2454855.71244 14.6305
2454855.72183 14.6225
2454855.72747 14.779
2454857.69161 14.6515
2454857.6964 14.559
2454857.71585 14.606
2454857.72065 14.578
2454858.53698 14.5405
2454858.54188 14.652
2454858.55178 14.4575
2454858.55674 14.577
2454858.56553 14.5395
2454858.57032 14.6175
2454858.5813 14.584
2454858.58609 14.54
2454858.59408 14.505
2454858.59893 14.547
2454858.60755 14.712
2454858.61272 14.761
2454858.62318 14.659
2454858.62854 14.59
2454858.63724 14.6815
2454858.64224 14.7355
2454858.65391 14.6125
2454858.65874 14.5595
2454858.66805 14.624
2454858.67288 14.671
2454858.68331 14.63
2454858.68818 14.448
2454858.699 14.5645
2454858.70397 14.6455
2454858.72 14.6205
2454858.72765 14.566
2454858.74499 14.5035
2454858.75012 14.4955
2454858.75817 14.59
2454858.76425 14.7615
2454858.7748 14.575
2454858.77966 14.748
2454859.55327 14.514
2454859.55806 14.5775
2454859.58686 14.649
2454859.59171 14.7455
2454859.60197 14.568
2454859.60694 14.5785
2454859.61361 14.618
2454859.61853 14.683
2454859.62765 14.7385
2454859.63265 14.6
2454859.64431 14.7145
2454859.64913 14.685
2454859.65929 14.5435
2454859.66412 14.532
2454861.60612 14.4645
2454861.61091 14.584
2454861.63022 14.5615
2454861.635 14.55
2454862.53087 14.6125
2454862.53565 14.626
2454862.54507 14.7095
2454862.54985 14.727
2454862.5593 14.667
2454862.56408 14.5505
2454862.57388 14.63
2454862.57866 14.5365
2454862.58624 14.564
2454862.59102 14.5935
2454862.60002 14.6015
2454862.6048 14.5285
2454862.62301 14.5715
2454862.62779 14.6295
2454862.63709 14.6735
2454862.64187 14.703
2454862.64666 14.688
2454862.65144 14.6335
2454862.65931 14.638
2454862.66409 14.658
2454862.67359 14.684
2454862.67837 14.6525
2454862.68845 14.668
2454862.69323 14.7045
2454862.70803 14.582
2454862.71281 14.6575
2454862.74339 14.507
2454862.75253 14.6
2454862.75731 14.5425
2454863.55183 14.4745
2454863.55661 14.531
2454863.58547 14.6115
2454863.59025 14.704
2454863.59722 14.6915
2454863.602 14.6725
2454863.60678 14.6435
2454863.61156 14.7665
2454863.61774 14.7585
2454863.62252 14.68
2454863.63173 14.7705
2454863.64258 14.743
2454863.64736 14.6275
2454863.6582 14.733
2454863.66298 14.6765
2454866.60878 14.6115
2454866.61845 14.6685
2454866.62323 14.665
2454866.63466 14.5935
2454866.63944 14.5785
2454866.64715 14.6015
2454866.65193 14.5935
2454866.66173 14.67
2454866.66651 14.595
2454866.67574 14.652
2454866.68293 14.6725
2454866.69269 14.7545
2454866.71042 14.6755
2454867.54347 14.663
2454867.55093 14.6405
2454867.59079 14.5895
2454867.60037 14.5145
2454867.60947 14.5575
2454867.61427 14.5545
2454867.61912 14.649
2454867.63422 14.666
2454867.63903 14.702
2454867.64388 14.6555
2454867.65865 14.6045
2454867.68863 14.7675
2454867.69343 14.697
2454867.69827 14.6605
2454870.57615 14.585
2454870.60711 14.651
2454870.62012 14.609
2454870.63473 14.6435
2454870.6844 14.6085
2454871.6432 14.606
2454871.66163 14.6405
2454871.67848 14.602
2454871.6882 14.646
2454873.67627 14.722
2454874.53605 14.6375
2454874.5577 14.6375
2454874.59453 14.7915
2454874.60643 14.703
2454874.62902 14.735
2454874.63811 14.729
2454874.65508 14.6765
2454874.67126 14.6535
2454874.68066 14.583
2454875.51946 14.748
2454875.53315 14.782
2454875.55357 14.7645
2454875.56379 14.86
2454875.58268 14.868
2454875.59063 14.759
2454875.61012 14.8285
2454875.63193 14.6845
2454875.63671 14.704
2454875.65552 14.677
2454877.56714 14.695
2454878.6004 14.6665
2454878.6157 14.7545
2454878.62508 14.7385
2454878.63499 14.8415
2454878.63978 14.776
2454878.64585 14.7935
2454878.65458 14.77
2454879.63189 14.7705
2454882.65126 14.7775
2454882.65607 14.742
2454882.66089 14.758
2454885.60612 14.8815
2454885.61092 14.8695
2454885.61574 14.843
2454888.57939 14.7495
2454888.58419 14.7975
2454888.58901 14.7825
2454891.64988 14.83
2454891.65469 14.77
2454891.6595 14.7915
2454894.60456 14.8885
2454894.60937 14.887
2454894.61419 14.8655
2454897.57853 14.827
2454897.58334 14.7805
2454897.58815 14.683
2454900.62201 15.001
2454900.62684 14.9415
2454903.60877 14.621
2454903.61357 14.6935
2454903.61838 14.717
2454906.59148 14.7505
2454906.59629 14.9165
2454906.60112 14.698
2454909.56866 14.604
2454909.57346 14.6585
2454909.57828 14.5255
2454912.57279 14.6875
2454912.57758 14.684
2454912.58241 14.735
2454915.57154 14.636
2454915.57634 14.5915
2454915.58116 14.547
2454918.585 14.645
2454918.59463 14.625
2454921.56553 14.7285
2454921.57033 14.6095
2454921.57515 14.507
2454924.53425 14.772
2454924.53905 14.7465
2454924.54387 14.705
2454927.52357 14.562
2454927.52836 14.462
2454927.53318 14.604
2454929.52855 14.7265
2454929.53335 14.7605
2454929.53817 14.7715
2454931.53537 14.648
2454931.54017 14.634
2454931.54499 14.637
2454934.53473 14.6845
2454934.53953 14.759
2454934.54435 14.7865
2454935.52055 14.723
2454935.52536 14.7185
2454935.53018 14.724
2455106.85759 14.944
2455106.86237 14.978
2455106.86717 15.0305
2455109.83999 14.707
2455109.84477 14.764
2455109.84958 14.728
2455112.81932 14.9005
2455112.82409 14.901
2455112.82889 15.0535
2455116.81267 14.8105
2455116.81746 14.9315
2455116.82226 14.8555
2455116.84735 14.8255
2455116.85214 14.8015
2455116.85694 14.854
2455118.82413 14.9845
2455118.8289 15.045
2455118.8337 14.9265
2455120.7936 14.9005
2455120.79837 14.9095
2455120.80316 14.8585
2455122.77148 14.7125
2455122.77625 14.69
2455122.78104 14.5945
2455125.80069 14.681
2455125.80546 14.7145
2455125.81025 14.7755
2455125.8194 14.707
2455125.82417 14.761
2455125.82896 14.743
2455126.75435 14.7185
2455126.75912 14.7905
2455126.76392 14.7105
2455128.77301 14.608
2455128.77778 14.4975
2455128.78257 14.7795
2455132.82617 14.863
2455132.83094 14.8785
2455132.83573 14.806
2455134.76186 14.6975
2455137.79747 14.726
2455139.80053 14.932
2455139.80531 15.052
2455139.8101 15.019
2455141.73216 14.8495
2455141.73693 14.8625
2455141.74172 14.818
2455143.72513 14.746
2455143.72991 14.6895
2455143.73471 14.758
2455146.73799 14.8545
2455146.74277 14.8775
2455146.74755 14.9735
2455148.80222 14.8805
2455148.807 14.824
2455148.81179 14.7805
2455150.72703 14.847
2455150.73181 14.8195
2455150.73661 14.737
2455152.74095 14.88
2455152.74573 14.9145
2455152.75052 14.876
2455153.73396 14.803
2455153.73875 14.7495
2455153.74356 14.701
2455154.76317 14.8045
2455154.76794 14.925
2455154.77274 14.8415
2455157.74945 14.88
2455157.75422 14.93
2455157.75901 14.698
2455159.72358 14.869
2455159.72837 14.8525
2455159.73318 14.866
2455160.7791 14.6465
2455160.7839 14.815
2455161.76942 15.0565
2455161.77902 15.0675
2455163.76711 14.844
2455163.77191 14.834
2455163.77672 14.79
2455164.8041 14.7205
2455164.80888 14.7295
2455164.81369 14.8065
2455166.66327 14.7855
2455166.66806 14.7365
2455166.67287 14.706
2455168.78095 14.6755
2455168.78575 14.8015
2455168.79056 14.553
2455170.75496 14.683
2455170.75976 14.7635
2455170.76458 14.7185
2455173.68347 14.807
2455173.68827 14.864
2455173.69308 14.8105
2455175.7328 14.747
2455175.73758 14.7095
2455175.74239 14.761
2455177.7445 14.7655
2455177.7493 14.8145
2455177.75412 14.872
2455178.71361 14.902
2455178.72322 14.907
2455180.65095 14.875
2455180.65574 14.983
2455180.66055 14.8575
2455181.74235 14.8455
2455181.75197 14.9025
2455182.71994 14.7545
2455182.72473 14.8805
2455182.72955 14.812
2455183.77682 14.905
2455183.78162 14.883
2455183.78645 14.809
2455184.73661 14.889
2455184.74141 14.8435
2455184.74624 14.8065
2455185.69339 14.876
2455185.69818 14.9355
2455185.70299 14.93
2455186.70718 14.854
2455186.71197 14.841
2455186.71679 14.8675
2455187.70769 14.8475
2455187.71249 14.8415
2455187.7173 14.814
2455188.67576 14.86
2455188.68055 14.8485
2455188.68537 14.823
2455189.71867 14.901
2455189.72347 14.9205
2455189.72828 14.8715
2455190.70244 14.867
2455190.70724 14.863
2455190.71205 14.8185
2455191.74879 14.8025
2455191.75359 14.8155
2455191.7584 14.842
2455192.67119 14.8135
2455192.67599 14.836
2455192.68082 14.8245
2455193.67507 14.658
2455193.67987 14.7905
2455193.68469 14.7685
2455194.76215 14.8535
2455194.76695 14.9005
2455194.77177 14.9525
2455195.69664 14.951
2455195.70145 14.954
2455195.70627 14.8825
2455196.75974 14.7005
2455196.76454 14.848
2455196.76935 14.763
2455199.69748 14.775
2455199.70228 14.8175
2455199.70711 14.847
2455200.68388 14.79
2455200.68869 14.839
2455200.69352 14.8305
2455201.72378 14.826
2455201.72857 14.7475
2455201.73339 14.7555
2455202.71416 14.7065
2455202.71896 14.7385
2455202.72377 14.752
2455203.74656 14.748
2455203.75135 14.747
2455203.75617 14.791
2455207.69116 14.7595
2455207.69596 14.744
2455207.70078 14.7265
2455208.71321 14.576
2455208.71802 14.749
2455208.72285 14.807
2455209.68919 14.765
2455209.694 14.807
2455209.69882 14.7765
2455210.76021 14.8835
2455210.76501 14.8255
2455210.76984 14.792
2455211.7383 14.6815
2455211.7431 14.755
2455211.74792 14.6865
2455212.71423 14.673
2455212.71903 14.7045
2455212.72386 14.6485
2455213.69317 14.75
2455213.69798 14.7125
2455213.7028 14.704
2455214.71034 14.7335
2455214.71515 14.732
2455214.71997 14.7935
2455215.6924 14.8005
2455215.69719 14.841
2455215.70203 14.902
2455216.68864 14.879
2455216.69344 14.861
2455216.69827 14.9365
2455218.77318 14.826
2455218.77799 14.8925
2455218.78281 14.9785
2455219.67374 14.559
2455219.67855 14.72
2455219.68337 14.763
2455222.72277 14.704
2455222.72758 14.7995
2455222.7324 14.8385
2455225.73287 14.7365
2455225.73767 14.681
2455225.7425 14.5095
2455226.68952 14.7275
2455226.69435 14.706
2455227.71921 14.738
2455227.72401 14.651
2455227.72884 14.574
2455228.73275 14.6135
2455228.73756 14.636
2455228.7424 14.6925
2455229.75408 14.836
2455229.76372 15.039
2455231.68772 14.644
2455231.69255 14.6565
2455232.73786 14.8055
2455232.74267 14.653
2455234.72211 14.757
2455234.72692 14.7525
2455234.73174 14.836
2455235.64736 14.661
2455235.65216 14.683
2455235.65698 14.817
2455237.66096 14.815
2455237.66576 14.812
2455237.67058 14.831
2455240.66918 14.7415
2455240.67883 14.7345
2455243.66526 14.887
2455243.67007 14.94
2455243.6749 14.85
2455245.66853 14.783
2455245.67333 14.783
2455245.67817 14.826
2455247.62717 14.815
2455247.63197 14.7635
2455247.63679 14.633
2455249.57596 14.695
2455249.58077 14.696
2455249.5856 14.669
2455251.55783 14.7265
2455251.56264 14.805
2455251.56747 14.918
2455253.57393 14.69
2455253.57873 14.6885
2455253.58355 14.6705
2455255.63181 14.853
2455255.63662 14.8305
2455255.64145 14.8495
2455256.63558 14.761
2455256.6404 14.725
2455256.64523 14.684
2455257.61976 14.568
2455257.62457 14.7385
2455260.65122 14.927
2455260.65604 14.9105
2455260.66087 14.834
2455262.65106 14.7415
2455262.65587 14.812
2455263.63654 14.707
2455263.64137 14.8505
2455263.64621 14.711
2455265.58112 14.881
2455265.58593 14.7415
2455265.59075 14.8145
2455267.57553 14.767
2455267.58034 14.7505
2455267.58517 14.7125
2455269.6129 14.6715
2455269.61772 14.7905
2455269.62256 14.71
2455274.53011 14.8935
2455274.53495 14.883
2455274.5398 14.796
2455276.60167 14.836
2455276.6065 14.8585
2455276.61133 14.8175
2455278.57631 14.867
2455278.58114 14.8545
2455278.58597 15.0145
2455279.48362 14.797
2455279.48846 14.731
2455279.49331 14.818
2455279.51162 14.943
2455279.52905 14.9055
2455279.56954 14.824
2455280.4829 14.706
2455280.4877 14.7965
2455280.49254 14.819
2455280.51789 14.768
2455280.55961 14.8145
2455280.58976 14.7525
2455281.50866 14.7185
2455281.51347 14.6915
2455281.51831 14.694
2455281.53268 14.6475
2455281.54232 14.663
2455281.55196 14.696
2455284.56451 14.6645
2455284.56933 14.6875
2455284.57417 14.7425
2455287.55063 14.6955
2455287.55544 14.7295
2455287.56028 14.6505
2455289.50514 14.9115
2455289.50996 14.8895
2455289.51479 14.8165
2455291.51168 14.6455
2455291.51651 14.671
2455291.52134 14.6545
2455294.51206 14.945
2455294.51686 14.949
2455294.52169 14.923
2455295.50899 14.8445
2455295.51381 14.887
2455295.51865 14.7265
2455296.50711 14.7615
2455296.51193 14.6485
2455296.51678 14.7805
2455297.51286 14.763
2455297.51769 14.7705
2455297.52253 14.7805
2455298.52603 14.585
2455299.48607 14.686
2455299.49091 14.7335
2455299.49577 14.7835
2455301.51191 14.695
2455301.51673 14.642
2455301.52159 14.722
2455305.49591 14.732
2455305.50072 14.6725
2455305.50554 14.628
2455306.47305 14.555
2455306.47786 14.672
2455306.48269 14.738
2455308.47171 14.7065
2455308.47651 14.542
2455308.48134 14.7235
2455310.47767 14.713
2455310.48247 14.6625
2455310.48729 14.603
2455313.49361 14.641
2455313.49841 14.623
2455313.50325 14.847
2455317.46625 14.642
2455317.47107 14.6915
2455317.4759 14.795
2455320.46706 14.5885
2455320.47187 14.5555
2455320.4767 14.5705
2455323.4789 14.5415
2455325.4677 14.6525
2455325.4725 14.5995
2455327.45923 14.8045
2455327.46403 14.793
