2451433.8561 16.542
2451433.8731 16.5555
2451433.9069 16.721
2451435.8374 16.6115
2451435.8542 16.565
2451435.8712 16.4365
2451435.8886 16.411
2451435.9057 16.4055
2451436.8456 16.536
2451436.8628 16.494
2451436.8802 16.417
2451436.8993 16.518
2451437.8508 16.462
2451437.8699 16.5035
2451437.8872 16.5255
2451437.9121 16.599
2451438.8605 16.614
2451438.8776 16.607
2451438.8949 16.539
2451439.9135 16.422
2451440.8943 16.439
2451442.8226 16.472
2451443.8142 16.4535
2451443.8311 16.5205
2451443.8481 16.6095
2451443.865 16.669
2451443.8819 16.6895
2451443.9002 16.7395
2451444.8247 16.514
2451445.8293 16.7315
2451446.858 16.586
2451447.7891 16.6675
2451447.8061 16.645
2451447.8231 16.5125
2451447.8401 16.4785
2451447.8569 16.5205
2451447.8912 16.564
2451448.8365 16.5675
2451448.8573 16.605
2451448.8741 16.6285
2451448.891 16.624
2451449.8156 16.592
2451449.8324 16.619
2451449.8709 16.6165
2451450.7778 16.6405
2451450.795 16.5675
2451450.812 16.627
2451450.8292 16.6375
2451450.8463 16.637
2451450.8634 16.5975
2451450.8825 16.558
2451451.8556 16.546
2451451.8728 16.4825
2451453.7673 16.602
2451454.7767 16.477
2451454.8233 16.573
2451454.8407 16.67
2451454.8583 16.753
2451454.8759 16.8055
2451455.7598 16.584
2451455.7767 16.5885
2451455.8019 16.6025
2451455.8192 16.744
2451455.8383 16.775
2451455.8557 16.804
2451455.8726 16.722
2451455.8895 16.6585
2451458.7675 16.777
2451458.7844 16.705
2451458.8013 16.6475
2451458.8224 16.6025
2451458.8395 16.6095
2451458.8565 16.609
2451458.8734 16.6275
2451458.8903 16.701
2451459.7751 16.6345
2451459.7928 16.585
2451459.8096 16.5565
2451459.8266 16.578
2451459.8435 16.585
2451459.8605 16.6565
2451459.8774 16.654
2451461.812 16.643
2451461.8289 16.6455
2451461.8458 16.578
2451461.8628 16.5515
2451461.8797 16.5225
2451463.8791 16.5195
2451464.8367 16.605
2451464.8619 16.723
2451466.831 16.785
2451466.8486 16.6875
2451466.8663 16.6375
2451467.8386 16.5885
2451467.8561 16.57
2451467.8752 16.5285
2451468.8141 16.554
2451468.836 16.5175
2451468.853 16.498
2451468.87 16.542
2451470.8643 16.5755
2451471.7368 16.575
2451471.7537 16.4915
2451471.7705 16.5505
2451471.7874 16.552
2451471.8046 16.629
2451471.8215 16.619
2451471.8383 16.6185
2451471.8553 16.6205
2451471.8722 16.568
2451472.7159 16.5065
2451472.733 16.5045
2451472.7499 16.578
2451472.7667 16.588
2451472.7836 16.5925
2451472.8005 16.6175
2451472.8174 16.613
2451472.8343 16.558
2451472.8511 16.529
2451472.868 16.4975
2451475.7113 16.6585
2451475.7282 16.6255
2451475.7456 16.5945
2451475.7626 16.513
2451475.7795 16.53
2451475.7964 16.53
2451475.8132 16.564
2451475.8301 16.65
2451475.8469 16.7205
2451475.864 16.798
2451476.7298 16.5405
2451476.7466 16.5655
2451476.7634 16.549
2451476.7804 16.6075
2451476.8088 16.739
2451476.8257 16.8725
2451476.8426 16.8545
2451476.8595 16.8305
2451477.7327 16.517
2451477.7496 16.6115
2451477.7694 16.647
2451477.7864 16.724
2451477.8033 16.8095
2451477.8201 16.7765
2451477.837 16.7125
2451477.8539 16.6555
2451478.798 16.7035
2451478.8337 16.572
2451478.8506 16.54
2451478.8676 16.533
2451479.8673 16.5805
2451480.8564 16.624
2451481.8135 16.565
2451481.8346 16.6245
2451481.8532 16.6015
2451481.8708 16.5855
2451483.8592 16.4325
2451484.7862 16.4535
2451487.765 16.5075
2451487.8398 16.6455
2451487.8567 16.5435
2451488.8418 16.526
2451488.8586 16.461
2451489.6818 16.4475
2451489.7997 16.5095
2451489.8219 16.4495
2451489.8389 16.448
2451489.8558 16.458
2451490.7075 16.647
2451490.8281 16.4725
2451490.845 16.466
2451490.8618 16.459
2451491.7036 16.654
2451491.8423 16.589
2451491.8601 16.4815
2451493.814 16.567
2451493.8376 16.4965
2451493.8546 16.399
2451521.8427 16.45
2451569.6422 16.3825
2451570.6923 16.525
2451571.6957 16.3695
2451572.6963 16.3815
2451573.674 16.3975
2451574.561 16.5305
2451574.7176 16.6865
2451575.6731 16.7455
2451576.5411 16.4195
2451576.5601 16.3685
2451576.5785 16.4385
2451576.5956 16.5125
2451576.6129 16.4765
2451576.6299 16.611
2451576.647 16.677
2451576.6641 16.6875
2451576.6811 16.601
2451576.6983 16.556
2451576.7153 16.459
2451576.7323 16.4905
2451576.7494 16.425
2451576.7668 16.5215
2451577.6239 16.5875
2451578.5695 16.5595
2451578.6959 16.464
2451579.5557 16.663
2451579.6917 16.5405
2451587.5268 16.4355
2451587.6143 16.6915
2451587.6881 16.5925
2451588.5556 16.596
2451588.6425 16.571
2451588.6854 16.506
2451589.5222 16.5255
2451589.6371 16.4945
2451589.682 16.5275
2451590.5323 16.6435
2451590.6444 16.5285
2451590.6877 16.603
2451591.5281 16.6975
2451591.6136 16.5435
2451591.6567 16.6465
2451592.5542 16.567
2451592.6356 16.6415
2451592.6759 16.601
2451593.5297 16.5865
2451593.6418 16.6025
2451593.6984 16.5425
2451594.554 16.635
2451594.6632 16.5125
2451595.5817 16.5575
2451597.5266 16.5275
2451598.5287 16.444
2451598.6121 16.7515
2451598.6291 16.74
2451598.6499 16.678
2451598.6669 16.5655
2451598.692 16.5275
2451598.7126 16.6385
2451599.6417 16.617
2451599.6587 16.589
2451599.6818 16.5955
2451599.6993 16.5965
2451600.5249 16.6995
2451600.5785 16.7005
2451600.5958 16.6515
2451600.6168 16.585
2451600.6338 16.5565
2451600.6509 16.5955
2451600.6715 16.591
2451601.5506 16.7475
2451601.5909 16.5905
2451601.6079 16.5905
2451601.6248 16.614
2451601.6419 16.6445
2451601.6736 16.687
2451601.6908 16.675
2451602.5205 16.696
2451602.6805 16.597
2451603.5309 16.6085
2451603.5479 16.589
2451603.5919 16.6655
2451604.5147 16.5555
2451604.6336 16.5865
2451604.6526 16.5235
2451606.5568 16.619
2451607.5198 16.595
2451608.524 16.5395
2451609.5186 16.5255
2451610.5896 16.7535
2451611.5676 16.7185
2451612.5661 16.5625
2451613.6005 16.621
2451614.583 16.682
2451615.5696 16.661
2451616.5794 16.6035
2451617.5612 16.5415
2451618.5763 16.4735
2451619.5535 16.5615
2451620.5504 16.7315
2451621.5154 16.562
2451622.5052 16.755
2451623.5105 16.7915
2451625.5081 16.578
2451632.5103 16.7515
2451632.5299 16.726
2451632.5478 16.784
2451634.5316 16.628
2451635.529 16.562
2451636.5093 16.595
2451636.5267 16.5255
2451636.5461 16.7005
2451636.5636 16.694
2451636.5823 16.649
2451636.5916 16.6825
2451636.6087 16.59
2451639.4932 16.6245
2451639.5107 16.6115
2451639.5278 16.557
2451639.5448 16.506
2451639.5619 16.483
2451639.579 16.558
2451639.5964 16.596
2451640.4927 16.564
2451640.5097 16.5615
2451640.5268 16.526
2451640.5439 16.53
2451640.5609 16.614
2451640.5781 16.6845
2451640.5951 16.742
2451643.4852 16.702
2451643.5022 16.7985
2451643.5195 16.8025
2451643.5366 16.7875
2451643.5536 16.6625
2451643.5707 16.5275
2451643.5878 16.5625
2451818.8577 16.589
2451820.8689 16.7365
2451822.892 16.5875
2451823.8623 16.572
2451824.8553 16.6325
2451825.8582 16.66
2451826.8118 16.6855
2451827.8889 16.5895
2451828.8927 16.714
2451831.8811 16.6335
2451833.8569 16.58
2451835.8664 16.685
2451835.8838 16.7395
2451840.8266 16.6125
2451843.8729 16.5755
2451844.859 16.5955
2451845.842 16.631
2451846.8375 16.696
2451848.8534 16.555
2451854.8144 16.6105
2451860.7083 16.6255
2451863.844 16.6415
2451864.8376 16.589
2451865.8092 16.587
2451866.7861 16.576
2451867.7978 16.55
2451868.8218 16.6875
2451869.818 16.622
2451870.8363 16.559
2451871.8226 16.5675
2451872.83 16.6755
2451873.7981 16.6855
2451874.7804 16.7335
2451876.763 16.63
2451877.7488 16.5785
2451878.7947 16.615
2451879.7678 16.624
2451880.8295 16.512
2451881.7356 16.6295
2451882.7602 16.5325
2451883.7887 16.571
2451884.7086 16.5025
2451885.826 16.582
2451886.8115 16.5075
2451887.8068 16.489
2451888.8262 16.5715
2451889.7702 16.5685
2451890.7231 16.57
2451891.8201 16.45
2451892.8314 16.5985
2451893.8001 16.5435
2451894.742 16.505
2451895.7531 16.6445
2451897.7824 16.55
2451899.8426 16.6285
2451900.7808 16.653
2451901.7451 16.6015
2451902.7508 16.633
2451903.7506 16.534
2451904.8242 16.776
2451905.7797 16.673
2451906.7318 16.63
2451908.7593 16.5825
2451909.7631 16.5135
2451912.7277 16.6655
2451919.7243 16.662
2451920.689 16.65
2451921.7474 16.622
2451922.7264 16.632
2451923.7004 16.6055
2451924.7222 16.565
2451925.6832 16.651
2451926.6991 16.5105
2451927.6344 16.601
2451928.6786 16.566
2451929.6491 16.6325
2451930.6675 16.7405
2451931.5738 16.5455
2451932.6409 16.6275
2451933.6764 16.542
2451934.6835 16.6425
2451936.6331 16.631
2451937.5977 16.705
2451938.6522 16.567
2451939.6697 16.6295
2451940.6087 16.581
2451941.6238 16.681
2451942.5992 16.68
2451943.6442 16.594
2451944.6545 16.5605
2451945.6386 16.549
2451946.5415 16.649
2451947.5445 16.5515
2451948.5479 16.5905
2451949.6249 16.5095
2451950.581 16.5465
2451951.6014 16.522
2451952.5851 16.5855
2451953.5924 16.701
2451954.6126 16.634
2451955.5938 16.593
2451956.5535 16.562
2451957.556 16.5085
2451958.5174 16.518
2451959.5244 16.4115
2451960.5353 16.6005
2451961.5399 16.6375
2451962.5318 16.4985
2451963.5548 16.531
2451964.5215 16.4115
2451965.5076 16.505
2451966.5073 16.675
2451967.5195 16.6035
2451968.5048 16.5555
2451969.5019 16.499
2451970.5142 16.482
2451971.5065 16.545
2451972.5096 16.632
2451973.5257 16.468
2451974.5073 16.5015
2451976.5043 16.5745
2451977.4936 16.653
2451978.5 16.6435
2451979.5217 16.4845
2451981.5257 16.5695
2451982.5163 16.606
2451983.5762 16.5255
2451984.4941 16.5785
2451985.5018 16.5565
2451986.5044 16.5745
2451987.5542 16.6415
2451988.509 16.676
2451991.5728 16.6335
2451992.4929 16.5935
2451993.4912 16.586
2451994.4866 16.6525
2451995.4948 16.5355
2451996.4908 16.541
2451997.5012 16.6715
2452000.5051 16.5435
2452004.5273 16.5735
2452006.4793 16.5215
2452009.4737 16.7035
2452195.8496 16.619
2452197.8119 16.53
2452198.8476 16.4695
2452199.8555 16.378
2452200.8804 16.3235
2452202.8149 16.4835
2452203.8318 16.4235
2452204.8287 16.226
2452207.7896 16.4885
2452208.7956 16.596
2452210.8793 16.4315
2452214.7556 16.7205
2452215.7553 16.559
2452216.7607 16.4885
2452217.7776 16.5525
2452218.7706 16.7375
2452219.7315 16.6415
2452223.7638 16.574
2452224.755 16.5995
2452224.8276 16.517
2452225.7702 16.5855
2452226.7646 16.518
2452226.8409 16.6575
2452228.8143 16.7235
2452229.7563 16.669
2452230.7434 16.7315
2452231.7551 16.6005
2452232.7623 16.4995
2452233.8005 16.6515
2452234.7799 16.6235
2452235.7651 16.645
2452236.7739 16.5585
2452237.7837 16.5225
2452238.8104 16.7405
2452239.7292 16.5435
2452240.7673 16.732
2452241.7573 16.668
2452242.7659 16.5015
2452243.8036 16.563
2452244.7018 16.547
2452245.6933 16.4675
2452246.6852 16.543
2452247.681 16.604
2452250.725 16.6345
2452251.7949 16.5535
2452252.6573 16.595
2452253.7219 16.588
2452254.6924 16.565
2452255.6995 16.4695
2452256.7667 16.66
2452257.7123 16.6435
2452258.7227 16.605
2452259.6835 16.6225
2452259.7863 16.658
2452260.7043 16.5205
2452260.7919 16.7035
2452261.6958 16.5575
2452261.7859 16.682
2452262.6735 16.584
2452262.7177 16.7155
2452262.7468 16.7055
2452262.7826 16.5305
2452263.732 16.625
2452263.761 16.5115
2452263.7951 16.51
2452263.8232 16.5695
2452264.7675 16.5015
2452265.5477 16.522
2452265.5648 16.527
2452265.7415 16.561
2452265.7586 16.605
2452265.7854 16.662
2452265.8026 16.6405
2452266.7674 16.639
2452266.8065 16.557
2452269.6934 16.633
2452269.7225 16.6075
2452269.7512 16.5205
2452269.7861 16.6525
2452269.8228 16.777
2452269.84 16.755
2452270.6857 16.565
2452270.7133 16.531
2452270.7414 16.555
2452270.7774 16.5665
2452270.8141 16.7185
2452271.7131 16.516
2452271.7411 16.6975
2452271.7702 16.7505
2452271.7874 16.708
2452271.8221 16.5455
2452272.6904 16.5955
2452272.7193 16.616
2452272.802 16.5375
2452272.8383 16.526
2452273.7247 16.7045
2452273.7637 16.5705
2452273.7808 16.502
2452274.5625 16.5845
2452274.5796 16.582
2452274.5967 16.5855
2452274.631 16.626
2452274.6482 16.681
2452274.6932 16.7455
2452274.7225 16.64
2452274.7396 16.53
2452274.7646 16.5235
2452274.7817 16.5505
2452274.7998 16.497
2452274.8169 16.635
2452277.7045 16.5575
2452277.7452 16.672
2452277.7625 16.6445
2452277.7993 16.5775
2452278.71 16.637
2452278.8026 16.5775
2452279.6874 16.6035
2452279.7161 16.5815
2452279.743 16.5415
2452279.7943 16.59
2452279.8302 16.7005
2452280.7023 16.5555
2452280.7307 16.487
2452280.7632 16.6015
2452280.7804 16.6515
2452280.8174 16.701
2452281.6694 16.5685
2452281.6976 16.5625
2452281.7246 16.571
2452281.7417 16.5525
2452281.7779 16.7325
2452282.6776 16.544
2452282.7278 16.6885
2452282.7449 16.7715
2452282.7798 16.6725
2452283.7575 16.6365
2452283.7747 16.5345
2452283.8029 16.4875
2452284.7146 16.6945
2452284.7317 16.5845
2452284.7601 16.504
2452284.7773 16.512
2452285.7416 16.546
2452285.7588 16.5205
2452285.7867 16.5705
2452285.8039 16.6295
2452286.7166 16.506
2452286.7338 16.483
2452286.7624 16.575
2452286.7796 16.613
2452286.7967 16.597
2452287.6829 16.485
2452287.7106 16.555
2452287.7277 16.5815
2452287.755 16.609
2452287.7721 16.632
2452288.7033 16.5925
2452288.7312 16.684
2452288.7483 16.6515
2452288.7763 16.5875
2452288.7934 16.5415
2452289.7168 16.6105
2452289.7451 16.5135
2452289.7622 16.4985
2452289.7898 16.4985
2452290.6461 16.585
2452290.6733 16.593
2452290.6904 16.5795
2452290.7187 16.5195
2452290.739 16.4765
2452290.7562 16.517
2452291.6475 16.59
2452291.682 16.496
2452291.6994 16.4615
2452291.7309 16.435
2452291.7482 16.574
2452291.7656 16.572
2452292.701 16.4795
2452292.7282 16.5565
2452292.7453 16.687
2452292.7746 16.6905
2452293.7252 16.714
2452293.7429 16.7375
2452293.7733 16.6415
2452294.6778 16.664
2452294.7049 16.705
2452294.722 16.7465
2452294.7507 16.6115
2452295.6942 16.714
2452295.7213 16.6005
2452295.7385 16.554
2452296.718 16.44
2452296.752 16.5255
2452296.7693 16.567
2452297.76 16.604
2452297.7922 16.5995
2452298.7502 16.6305
2452298.768 16.6315
2452298.7994 16.5875
2452299.7455 16.596
2452299.7628 16.5455
2452313.6143 16.581
2452313.6413 16.5255
2452313.6585 16.52
2452313.6861 16.4785
2452314.7193 16.653
2452315.6437 16.5885
2452315.672 16.671
2452315.7 16.751
2452316.6251 16.6185
2452316.6423 16.6855
2452316.6594 16.7505
2452316.6833 16.7375
2452316.7005 16.6665
2452316.7176 16.5635
2452317.6349 16.736
2452317.6521 16.726
2452317.6692 16.686
2452317.6864 16.641
2452317.7035 16.5715
2452318.6293 16.7425
2452318.6466 16.6415
2452318.664 16.597
2452318.6814 16.551
2452318.6987 16.563
2452319.6594 16.5425
2452319.6766 16.5355
2452319.6937 16.578
2452319.7109 16.615
2452320.6197 16.563
2452320.6435 16.5165
2452320.6838 16.6345
2452320.701 16.652
2452320.7182 16.668
2452322.5983 16.564
2452322.6451 16.6655
2452322.7144 16.518
2452322.7316 16.52
2452323.6138 16.6465
2452323.6977 16.522
2452323.715 16.578
2452324.625 16.5615
2452325.5933 16.583
2452325.7041 16.751
2452326.5941 16.521
2452326.6967 16.7665
2452327.5928 16.5625
2452327.6876 16.6875
2452328.5819 16.587
2452328.6777 16.534
2452329.5864 16.778
2452329.6853 16.537
2452330.5842 16.696
2452330.6847 16.4995
2452331.5865 16.5705
2452331.6752 16.5785
2452332.5571 16.7115
2452332.6469 16.6005
2452333.5309 16.5395
2452333.5907 16.5775
2452334.5318 16.4645
2452334.5899 16.6095
2452335.5384 16.5925
2452336.5372 16.627
2452336.6149 16.4935
2452337.5361 16.5835
2452337.6375 16.6615
2452338.54 16.555
2452339.5786 16.666
2452339.6562 16.5885
2452340.561 16.7355
2452340.638 16.561
2452341.5579 16.7835
2452342.5589 16.538
2452342.6329 16.505
2452343.5374 16.5605
2452343.6275 16.6155
2452344.5276 16.529
2452345.5227 16.5185
2452345.6117 16.6145
2452346.5619 16.612
2452347.5523 16.588
2452349.5206 16.567
2452349.5909 16.675
2452349.6274 16.723
2452350.5195 16.526
2452351.5119 16.5965
2452351.607 16.5945
2452353.52 16.707
2452353.6071 16.5355
2452354.5139 16.578
2452354.6059 16.5685
2452355.5481 16.5445
2452355.5838 16.635
2452355.6334 16.5665
2452356.5403 16.5825
2452356.5748 16.6665
2452356.6115 16.561
2452357.5107 16.6425
2452357.545 16.668
2452357.5724 16.594
2452357.6105 16.5255
2452358.4982 16.669
2452358.5326 16.659
2452358.5616 16.5595
2452358.5983 16.5205
2452359.5643 16.4755
2452359.5922 16.386
2452359.6236 16.6645
2452360.5248 16.5065
2452360.5524 16.576
2452360.6068 16.6745
2452361.5323 16.585
2452362.5198 16.7185
2452362.5496 16.7455
2452362.5765 16.667
2452364.5145 16.603
2452364.5458 16.538
2452365.5406 16.4485
2452365.5695 16.5135
2452365.5939 16.595
2452366.4945 16.4905
2452366.5483 16.5295
2452366.5854 16.624
2452367.5289 16.4575
2452368.4966 16.576
2452371.5094 16.4965
2452371.5758 16.651
2452372.4957 16.5035
2452372.5596 16.6675
2452377.523 16.4165
2452378.4852 16.3995
2452378.5347 16.5335
2452382.4949 16.445
2452382.5415 16.5235
2452384.4756 16.5225
2452384.5295 16.52
2452385.4735 16.54
2452385.5274 16.4295
2452388.4681 16.393
2452388.5252 16.518
2452389.5231 16.4675
2452390.4772 16.438
2452391.4622 16.5315
2452391.4934 16.458
2452392.4602 16.47
2452392.4964 16.241
2452395.473 16.561
2452395.5299 16.52
2452396.4834 16.611
2452399.4654 16.505
2452400.4645 16.597
2452403.4591 16.548
2452674.55757 16.63
2452674.59719 16.6785
2452675.52763 16.71
2452676.54781 16.6455
2452676.57185 16.504
2452677.53809 16.5655
2452678.5553 16.5125
2452679.60758 16.497
2452680.5285 16.708
2452680.63751 16.52
2452680.68402 16.65
2452681.52705 16.6465
2452681.6459 16.672
2452682.62379 16.716
2452683.52653 16.5565
2452684.54388 16.5685
2452685.52924 16.5995
2452686.52303 16.76
2452686.59837 16.531
2452686.6957 16.6235
2452687.53818 16.68
2452688.51903 16.531
2452688.63668 16.601
2452689.51696 16.5295
2452689.63537 16.6115
2452690.52785 16.5985
2452690.65966 16.5585
2452691.52218 16.718
2452691.61805 16.5115
2452692.5786 16.632
2452693.52093 16.5825
2452693.62512 16.6755
2452694.52811 16.5185
2452695.52456 16.6005
2452696.51912 16.703
2452697.51578 16.721
2452699.53931 16.513
2452699.89827 16.4785
2452701.50603 16.5985
2452702.50388 16.7365
2452703.50364 16.669
2452704.53779 16.458
2452705.51392 16.5265
2452706.51076 16.6425
2452707.5126 16.7955
2452708.50862 16.7125
2452709.50785 16.5635
2452710.52059 16.5615
2452711.50718 16.5985
2452712.53881 16.5975
2452713.50131 16.601
2452714.49567 16.5275
2452715.49282 16.421
2452716.49619 16.438
2452717.49247 16.617
2452718.4938 16.7535
2452719.50994 16.716
2452721.49945 16.423
2452724.494 16.6775
2452725.49582 16.6355
2452727.48134 16.5035
2452728.48803 16.7065
2452729.47742 16.8445
2452731.47805 16.6365
2452733.49394 16.599
2452915.79409 16.549
2452916.84123 16.646
2452917.8344 16.602
2452918.82453 16.5925
2452919.83441 16.5265
2452921.76796 16.506
2452922.76263 16.561
2452923.78372 16.6375
2452924.80667 16.451
2452926.83419 16.6865
2452927.81482 16.6845
2452928.76167 16.6295
2452930.80099 16.544
2452931.79222 16.572
2452933.82071 16.5925
2452934.73703 16.7255
2452935.78764 16.571
2452936.78403 16.465
2452937.75051 16.4985
2452939.78118 16.6735
2452940.8215 16.539
2452941.78481 16.5305
2452942.79752 16.588
2452943.79082 16.6185
2452944.77026 16.634
2452945.77283 16.645
2452946.7762 16.526
2452947.77094 16.471
2452948.67704 16.629
2452949.77725 16.675
2452950.7489 16.7175
2452951.76944 16.6095
2452952.80035 16.534
2452953.79769 16.6215
2452953.85614 16.582
2452955.72932 16.5465
2452956.78471 16.493
2452957.75801 16.3975
2452958.80457 16.4415
2452961.75166 16.482
2452962.75866 16.459
2452963.70442 16.4565
2452964.70609 16.511
2452965.67081 16.428
2452966.84622 16.496
2452967.72978 16.6045
2452968.77134 16.477
2452969.71292 16.3885
2452970.74156 16.477
2452972.78291 16.4265
2452973.71171 16.583
2452974.76788 16.591
2452975.74871 16.6025
2452976.72211 16.6275
2452978.63764 16.538
2452979.72203 16.5265
2452980.67195 16.5275
2452981.75644 16.7015
2452983.74115 16.633
2452985.72445 16.5555
2452986.7203 16.593
2452987.67364 16.5155
2452988.71114 16.6485
2452989.7189 16.539
2452990.73346 16.3915
2452991.6987 16.502
2452992.73636 16.5455
2452993.78828 16.3465
2452994.66668 16.5215
2452995.70207 16.408
2452996.70639 16.344
2452997.75904 16.495
2452998.73274 16.566
2452999.77434 16.4005
2453000.75096 16.465
2453001.76559 16.571
2453002.752 16.5525
2453003.73599 16.5135
2453004.75743 16.377
2453007.71134 16.44
2453009.70931 16.592
2453010.71967 16.433
2453012.75313 16.5795
2453013.67104 16.441
2453014.69477 16.665
2453015.7182 16.561
2453016.76933 16.573
2453017.72623 16.5435
2453018.70182 16.553
2453021.6884 16.4495
2453022.65111 16.308
2453023.58025 16.66
2453024.6747 16.5275
2453025.67493 16.575
2453026.66442 16.6885
2453028.68177 16.4805
2453029.71483 16.5945
2453030.70966 16.618
2453031.70425 16.4575
2453032.67373 16.5195
2453033.65161 16.4815
2453034.68666 16.3835
2453035.67732 16.504
2453036.63473 16.547
2453037.6837 16.5875
2453038.65055 16.5295
2453040.70483 16.632
2453042.66489 16.4285
2453044.66423 16.392
2453046.61736 16.3075
2453048.66476 16.3775
2453051.67674 16.438
2453053.60875 16.374
2453054.59804 16.4675
2453056.6362 16.381
2453058.63094 16.579
2453060.56225 16.415
2453062.58693 16.36
2453063.61698 16.507
2453065.56152 16.837
2453067.64078 16.481
2453068.56543 16.297
2453070.63896 16.469
2453072.56642 16.4075
2453074.60481 16.497
2453076.5689 16.4245
2453078.53574 16.4435
2453320.78319 16.455
2453323.77639 16.1935
2453324.74391 16.325
2453325.7511 16.3675
2453326.70139 16.392
2453327.70405 16.377
2453328.7484 16.1215
2453329.73134 16.3885
2453330.71754 16.2435
2453331.67073 16.3015
2453332.69768 16.4645
2453334.6631 16.414
2453335.76956 16.4135
2453337.72375 16.4765
2453338.76283 16.2055
2453339.68171 16.412
2453339.75209 16.542
2453342.70375 16.471
2453344.63599 16.395
2453345.63648 16.549
2453346.69961 16.4475
2453347.70195 16.491
2453348.72676 16.5325
2453349.68684 16.552
2453350.72609 16.336
2453351.71766 16.338
2453352.6807 16.367
2453353.64868 16.17
2453354.68091 16.3535
2453355.67202 16.398
2453356.6948 16.2635
2453357.63814 16.2815
2453358.668 16.307
2453359.63708 16.2215
2453360.68599 16.2345
2453361.63404 16.3475
2453362.65189 16.28
2453363.69901 16.394
2453366.6626 16.311
2453367.59408 16.3905
2453367.67729 16.2415
2453368.65961 16.3185
2453369.7408 16.1965
2453370.73047 16.347
2453371.57189 16.2725
2453371.66713 16.37
2453372.61914 16.5645
2453373.64826 16.291
2453374.60146 16.0405
2453375.6061 16.3065
2453376.62408 16.2285
2453377.6314 16.172
2453379.64966 16.176
2453380.64132 16.1505
2453381.6617 16.371
2453382.60373 16.371
2453383.65374 16.348
2453384.59956 16.2655
2453385.63688 16.3315
2453386.61218 16.228
2453387.63792 16.288
2453393.59424 16.493
2453394.64996 16.31
2453396.60725 16.071
2453397.60262 16.372
2453398.60444 16.302
2453399.61589 16.315
2453400.58556 16.2005
2453401.57444 16.2935
2453402.5467 16.2535
2453403.67442 16.3465
2453404.62557 16.3995
2453405.648 16.267
2453406.72387 16.288
2453407.67256 16.1395
2453408.74555 16.382
2453409.60425 16.291
2453410.72862 16.4075
2453411.72122 16.3435
2453413.67708 16.3285
2453414.60645 16.409
2453415.65656 16.287
2453421.69692 16.409
2453422.70073 16.3505
2453423.63763 16.275
2453424.61025 16.319
2453425.71742 16.2185
2453426.68878 16.271
2453427.68513 16.308
2453428.68219 16.412
2453429.61813 16.4315
2453430.61858 16.324
2453431.60417 16.3455
2453432.61364 16.247
2453433.63595 16.4195
2453434.60324 16.456
2453436.65607 16.313
2453438.65902 16.4785
2453440.60725 16.484
2453443.63672 16.457
2453446.51956 16.44
2453448.55076 16.546
2453449.60127 16.4925
2453450.60066 16.4955
2453453.57107 16.493
2453458.57124 16.611
2453460.52692 16.414
2453461.50827 16.4335
2453462.55292 16.5425
2453463.56741 16.4705
2453465.52153 16.5025
2453468.51932 16.6175
2453470.52269 16.5425
2453473.51089 16.4815
2453600.88856 16.011
2453632.84707 16.4975
2453693.79691 16.411
2453695.81574 16.4745
2453696.78542 16.5055
2453699.7644 16.536
2453700.82768 16.4735
2453701.76379 16.691
2453702.768 16.5035
2453703.78295 16.2165
2453704.78902 16.5605
2453705.80248 16.568
2453707.77765 16.4635
2453708.76727 16.435
2453709.75667 16.5145
2453710.76485 16.551
2453711.72989 16.6005
2453712.72219 16.621
2453713.59237 16.5395
2453713.63752 16.4815
2453713.6681 16.562
2453713.74403 16.615
2453713.79776 16.4605
2453713.83657 16.564
2453714.7553 16.483
2453715.79913 16.6615
2453716.75397 16.6375
2453717.79408 16.558
2453718.76069 16.5165
2453719.73794 16.434
2453720.76144 16.389
2453721.74842 16.4345
2453722.72307 16.496
2453723.77963 16.387
2453724.7049 16.555
2453725.75692 16.419
2453726.73604 16.5435
2453727.72301 16.589
2453728.76519 16.5865
2453745.69589 16.559
2453746.72461 16.3115
2453747.6276 16.6065
2453748.67874 16.243
2453749.66364 16.224
2453750.71687 16.377
2453752.7798 16.4095
2453753.67891 16.2945
2453754.68675 16.394
2453755.64805 16.379
2453756.65218 16.5445
2453757.73638 16.436
2453758.66086 16.455
2453759.65672 16.3465
2453760.71009 16.534
2453761.70953 16.501
2453762.69589 16.466
2453763.61683 16.3925
2453764.71032 16.4215
2453765.72055 16.5955
2453770.69263 16.6265
2453771.62537 16.5545
2453772.65403 16.663
2453773.63475 16.5585
2453774.65483 16.518
2453775.58948 16.463
2453776.59648 16.3755
2453777.63635 16.5835
2453779.63942 16.4795
2453780.65766 16.4595
2453782.65239 16.5935
2453783.62263 16.5645
2453784.60254 16.6195
2453785.65368 16.453
2453786.61548 16.4745
2453787.65522 16.5385
2453788.62942 16.572
2453789.67495 16.476
2453790.62641 16.418
2453791.61223 16.2955
2453792.61925 16.35
2453793.61443 16.3465
2453794.61102 16.4845
2453798.62695 16.3225
2453799.60461 16.5685
2453800.63661 16.559
2453801.62991 16.513
2453969.90247 16.4135
2453970.90229 16.3435
2453971.89786 16.372
2453973.88054 16.37
2453974.8794 16.393
2453975.86913 16.484
2453976.86048 16.381
2453979.89184 16.56
2453980.91662 16.393
2453981.89741 16.474
2453982.91304 16.4725
2453987.87018 16.353
2453988.84296 16.328
2453989.84874 16.532
2453990.86473 16.5565
2453991.87207 15.911
2453993.89668 16.436
2453994.87083 16.395
2453995.87973 16.4565
2453996.87566 16.363
2453998.84199 16.466
2453999.87678 16.579
2454001.8177 16.276
2454002.87253 16.3095
2454003.84259 16.417
2454004.84896 16.2385
2454005.85097 17.039
2454006.84167 16.3625
2454007.86429 16.328
2454008.87187 16.3585
2454009.86312 16.2635
2454010.83913 16.2645
2454011.85199 16.461
2454013.84096 16.326
2454017.80516 16.344
2454018.85109 15.8195
2454019.83731 15.9945
2454020.83198 16.3295
2454021.79957 16.3015
2454023.80045 16.1785
2454024.81626 16.1165
2454025.80229 16.0475
2454026.81676 16.3505
2454027.77673 16.346
2454028.74762 16.2035
2454029.76452 16.486
2454030.72374 16.3455
2454031.81218 16.182
2454032.764 16.2065
2454035.8029 16.2305
2454036.79658 16.2015
2454037.75335 16.193
2454038.75031 16.381
2454039.7768 16.166
2454040.77001 16.4115
2454041.78752 16.3155
2454042.7871 16.2865
2454043.7623 16.3305
2454045.75182 16.472
2454046.76732 16.388
2454047.77924 16.2195
2454048.76546 16.1475
2454049.77276 16.248
2454050.76838 16.265
2454051.77577 16.3425
2454052.8141 16.1565
2454053.75682 16.2325
2454054.76597 16.2795
2454055.7747 16.3165
2454056.76865 16.48
2454057.7634 16.354
2454058.81235 16.382
2454059.733 16.403
2454060.73656 16.583
2454062.63707 16.336
2454062.64726 16.2705
2454062.65755 16.278
2454062.66782 16.284
2454062.67809 16.3015
2454062.68836 16.3025
2454062.69862 16.3485
2454062.70895 16.478
2454062.71926 16.4515
2454062.72956 16.45
2454062.74593 16.3845
2454062.75624 16.386
2454062.76656 16.3545
2454062.77686 16.273
2454062.78717 16.3105
2454062.79749 16.34
2454062.8078 16.159
2454062.81808 16.2575
2454062.82837 16.3965
2454062.83863 16.286
2454063.71801 16.483
2454064.75492 16.2875
2454065.79086 16.469
2454066.79712 16.309
2454067.7762 16.3065
2454068.78519 16.3255
2454069.77823 16.2955
2454070.78345 16.375
2454071.78771 16.461
2454072.71464 16.441
2454073.72246 16.4775
2454074.7191 16.2515
2454075.64429 16.35
2454075.74687 16.286
2454076.65775 16.35
2454076.72973 16.447
2454079.81066 16.4185
2454080.75192 16.33
2454081.74274 16.4365
2454082.72266 16.4565
2454083.68171 16.3395
2454084.71739 16.46
2454085.70701 16.3755
2454086.72374 16.299
2454087.66689 16.1495
2454088.65667 16.3275
2454089.68885 16.4655
2454090.73554 16.2835
2454091.6593 16.425
2454092.70318 16.1695
2454093.72759 16.2565
2454094.70637 16.384
2454095.69749 16.2375
2454096.71917 16.294
2454097.78908 16.4725
2454099.77131 16.295
2454100.69211 16.293
2454103.76365 16.8125
2454104.71491 16.2885
2454105.76148 16.344
2454106.7119 16.2145
2454107.73669 16.3935
2454108.69937 16.2915
2454109.75465 16.431
2454110.72256 16.4505
2454111.73225 16.3185
2454112.73874 16.5185
2454113.6801 16.4045
2454114.7064 16.4365
2454115.72946 16.477
2454116.62812 16.0855
2454117.66121 16.376
2454118.75279 16.547
2454119.69694 16.523
2454120.71982 16.578
2454121.71611 16.5605
2454122.69721 16.522
2454123.6819 16.487
2454124.70176 16.4515
2454125.72093 16.437
2454126.67046 16.3635
2454127.65651 16.3225
2454128.66825 16.195
2454130.71364 16.5085
2454133.71703 16.1875
2454134.30857 16.347
2454135.69044 16.313
2454136.69767 16.343
2454137.67497 16.3795
2454138.64604 16.5215
2454139.66251 16.386
2454147.60914 16.161
2454149.57523 16.248
2454150.59981 16.4505
2454151.63465 15.957
2454152.57308 16.5255
2454153.59582 16.3435
2454154.60798 16.569
2454155.6312 16.5505
2454156.64223 16.248
2454157.56049 16.4035
2454159.55652 16.3465
2454160.60065 16.5445
2454162.57362 16.544
2454164.54933 16.3825
2454166.55584 16.462
2454168.59216 16.454
2454170.60538 16.238
2454172.61088 16.375
2454173.59211 16.434
2454176.59322 16.6725
2454178.58004 16.425
2454179.59729 16.269
2454189.57536 15.6855
2454190.57607 16.3645
2454191.57299 16.321
2454192.55241 16.481
2454192.55241 16.4505
2454193.55812 16.4195
2454194.54666 16.4315
2454196.53992 16.2945
2454197.53599 16.365
2454198.56494 16.3245
2454199.55356 16.385
2454200.5202 16.496
2454202.50359 16.254
2454203.50839 16.3605
2454204.48653 16.401
2454205.51507 16.4755
2454219.47312 16.382
2454220.46176 16.3645
2454362.84841 16.491
2454363.85989 16.4305
2454365.87193 16.677
2454366.8283 16.4385
2454371.83205 16.557
2454372.84866 16.6325
2454374.85784 16.539
2454375.85093 16.532
2454376.8364 16.5135
2454377.82604 16.251
2454378.86061 16.408
2454380.77694 16.543
2454381.82921 16.5545
2454382.89876 16.4425
2454384.82572 16.5365
2454386.79085 16.4375
2454388.79324 16.611
2454389.76049 16.634
2454390.77282 16.5935
2454391.81728 16.5135
2454392.83455 16.6605
2454393.78021 16.516
2454394.74399 16.5635
2454395.79367 16.5625
2454396.80447 16.483
2454399.78285 16.6835
2454400.81176 16.566
2454401.81817 16.5125
2454403.79239 16.5975
2454404.78148 16.573
2454406.84007 16.5125
2454408.78377 16.5585
2454409.73492 16.539
2454410.75933 16.663
2454411.7909 16.5375
2454412.78671 16.4765
2454413.77409 16.509
2454414.78586 16.6285
2454415.77819 16.67
2454416.76882 16.6785
2454418.70053 16.7065
2454419.78004 16.537
2454420.74148 16.517
2454421.76191 16.661
2454422.79289 16.5185
2454423.72618 16.5225
2454424.7501 16.51
2454425.75397 16.566
2454426.68847 16.516
2454427.75162 16.6925
2454428.76037 16.5715
2454429.75803 16.532
2454430.72447 16.5485
2454431.75734 16.6155
2454432.76406 16.634
2454433.7613 16.5385
2454434.74212 16.5535
2454435.72488 16.503
2454436.78079 16.7425
2454437.80521 16.554
2454438.78598 16.4735
2454439.70338 16.5945
2454440.73375 16.511
2454441.71549 16.519
2454442.69891 16.5465
2454444.75125 16.52
2454445.70851 16.556
2454446.72537 16.514
2454447.74167 16.6895
2454448.73561 16.714
2454449.74545 16.5985
2454450.69808 16.652
2454451.7959 16.6305
2454452.77553 16.6555
2454453.69936 16.654
2454454.72337 16.6945
2454455.73676 16.5375
2454456.76974 16.7615
2454456.86774 16.531
2454456.86774 16.629
2454464.80048 16.4865
2454465.77637 16.515
2454466.84954 16.617
2454467.78307 16.619
2454468.76956 16.6905
2454469.76466 16.5985
2454470.74342 16.548
2454471.71506 16.5125
2454472.69152 16.539
2454473.71324 16.6015
2454474.73622 16.6585
2454475.70623 16.6815
2454477.66932 16.651
2454478.69071 16.523
2454479.68412 16.53
2454480.6905 16.639
2454481.69595 16.656
2454482.6253 16.6705
2454483.67854 16.525
2454484.62474 16.5805
2454485.72812 16.686
2454486.65653 16.5505
2454487.68614 16.6195
2454488.64381 16.6185
2454489.66263 16.529
2454490.76619 16.5715
2454491.68667 16.698
2454492.73179 16.5185
2454493.72358 16.502
2454494.74883 16.664
2454496.7041 16.6575
2454497.67633 16.6345
2454498.63313 16.68
2454499.69077 16.533
2454500.60801 16.644
2454501.66065 16.5745
2454502.72796 16.528
2454505.57501 16.6785
2454507.69278 16.7405
2454508.65569 16.7115
2454509.54633 16.559
2454510.64104 16.6025
2454511.65083 16.5495
2454513.58724 16.5015
2454514.71011 16.489
2454515.68042 16.451
2454517.65386 16.5195
2454518.61896 16.5645
2454519.69586 16.507
2454520.64749 16.5655
2454521.61944 16.54
2454522.69824 16.663
2454523.57952 16.4705
2454524.60857 16.6075
2454527.56981 16.661
2454528.61241 16.5145
2454532.60189 16.586
2454536.61577 16.634
2454541.60121 16.687
2454543.61072 16.518
2454546.55132 16.556
2454548.59008 16.597
2454553.59573 16.573
2454555.54692 16.534
2454557.53525 16.5945
2454560.59023 16.538
2454699.91815 16.5415
2454700.87819 16.5575
2454701.88129 16.5075
2454702.86236 16.451
2454703.86829 16.5425
2454704.87553 16.536
2454707.88141 16.5075
2454708.89106 16.619
2454709.87514 16.606
2454710.86406 16.682
2454715.89925 16.561
2454720.85493 16.483
2454722.88243 16.27
2454723.88322 16.346
2454725.84202 16.384
2454726.87923 16.362
2454728.89305 16.451
2454729.83556 16.4315
2454731.91051 16.473
2454732.87016 16.3555
2454733.84485 16.4465
2454734.86556 16.4545
2454736.82539 16.3425
2454737.82214 16.5395
2454738.82173 16.571
2454740.84404 16.479
2454743.85117 16.5065
2454744.84223 16.3285
2454746.86619 16.4205
2454747.83814 16.5235
2454752.79151 16.4245
2454753.8059 16.6615
2454754.8272 16.463
2454757.80191 16.517
2454759.76023 16.566
2454762.78408 16.5285
2454763.80439 16.6115
2454766.8239 16.496
2454768.82088 16.567
2454770.74096 16.532
2454771.76279 16.5575
2454773.76841 16.411
2454776.77783 16.469
2454777.78517 16.4645
2454779.79254 16.56
2454781.7724 16.563
2454782.78125 16.4885
2454783.75615 16.537
2454786.72554 16.601
2454787.75359 16.665
2454788.74497 16.556
2454789.79551 16.5125
2454790.71772 16.445
2454791.75808 16.3825
2454792.75006 16.626
2454793.74931 16.5445
2454794.78053 16.5105
2454795.7542 16.5405
2454796.76173 16.6725
2454797.78641 16.461
2454799.78402 16.4065
2454800.70401 16.371
2454802.7689 16.4805
2454805.76329 16.428
2454808.72048 16.413
2454811.79811 16.63
2454814.74029 16.413
2454817.71698 16.309
2454820.71621 16.214
2454823.66686 16.296
2454827.75025 16.36
2454838.7531 16.469
2454841.71313 16.369
2454846.71789 16.449
2454849.73315 16.5135
2454857.69164 16.3415
2454857.69644 16.272
2454857.71589 16.289
2454857.72068 16.267
2454861.60616 16.1655
2454861.61094 16.1875
2454861.63026 16.2485
2454861.63504 16.2585
2454867.61915 16.335
2454867.64391 16.4095
2454867.6983 16.345
2454873.6763 16.4655
2454877.56717 16.3725
2454882.66093 16.4215
2454885.61578 16.591
2454888.58904 16.4295
2454891.65954 16.4595
2454894.61422 16.612
2454897.58819 16.3465
2454900.62688 16.602
2454903.61842 16.3995
2454906.60115 16.526
2454909.57832 16.221
2454912.58244 16.3925
2454915.5812 16.2685
2454918.59466 16.3145
2454921.57519 16.199
2454924.5439 16.476
2454927.53322 16.3365
2454929.5382 16.448
2454931.54502 16.3005
2454934.54439 16.5125
2454935.53021 16.483
2454946.46259 16.3445
2454946.46667 16.3695
2454946.47076 16.38
2454946.47484 16.34
2454946.47893 16.313
2454946.48301 16.397
2454946.48709 16.502
2454946.49118 16.5125
2454946.49526 16.422
2454946.49935 16.331
2455106.8672 16.723
2455109.84961 16.4345
2455112.82892 16.619
2455116.82229 16.534
2455116.85697 16.553
2455118.83373 16.577
2455120.8032 16.5755
2455122.78108 16.2985
2455125.81029 16.4335
2455125.82901 16.352
2455126.76396 16.3935
2455128.78261 16.313
2455132.83577 16.544
2455134.77145 16.507
2455139.81015 16.6975
2455141.74176 16.5155
2455143.73475 16.475
2455146.74759 16.011
2455148.81183 16.4805
2455150.73665 16.4245
2455152.75056 16.6495
2455153.7436 16.4915
2455154.77278 16.497
2455157.75905 16.596
2455159.73321 16.44
2455160.78876 16.539
2455161.77906 16.641
2455163.77676 16.5055
2455164.81373 16.5025
2455166.67291 16.4805
2455168.7906 16.478
2455170.76462 16.4915
2455173.69312 16.521
2455175.74243 16.4675
2455177.75416 16.518
2455178.72325 16.584
2455180.66059 16.582
2455181.75201 16.4825
2455182.72959 16.5185
2455183.78649 16.5555
2455184.74627 16.591
2455185.70303 16.598
2455186.71683 16.5125
2455187.71734 16.492
2455188.6854 16.511
2455189.72832 16.6115
2455190.71209 16.461
2455191.75844 16.5025
2455192.68086 16.4615
2455193.68473 16.447
2455194.7718 16.5395
2455195.70631 16.732
2455196.76939 16.4835
2455199.70715 16.5725
2455200.69356 16.5185
2455201.73343 16.445
2455202.72381 16.309
2455203.75621 16.52
2455207.70082 16.427
2455208.72289 16.4805
2455209.69886 16.4465
2455210.76988 16.405
2455211.74796 16.401
2455212.7239 16.343
2455213.70284 16.3805
2455214.72002 16.5295
2455215.70207 16.594
2455216.69831 16.641
2455218.78285 16.597
2455219.68341 16.467
2455222.73244 16.352
2455225.74255 16.46
2455226.69439 16.4115
2455227.72888 16.149
2455228.74244 16.1875
2455229.76376 16.435
2455231.69259 16.477
2455232.74753 16.3215
2455234.73178 16.3985
2455235.65702 16.3515
2455237.67062 16.5895
2455240.67888 16.4765
2455243.67494 16.5505
2455245.67821 16.4385
2455247.63683 16.3455
2455249.58564 16.4345
2455251.56751 16.5185
2455253.58359 16.333
2455255.64149 16.452
2455256.64527 16.386
2455257.62944 16.395
2455260.66091 16.5765
2455262.66074 16.416
2455263.64625 16.398
2455265.59079 16.483
2455267.58521 16.487
2455269.6226 16.428
2455274.53984 16.5345
2455276.61137 16.5165
2455278.52607 16.492
2455278.58602 16.4915
2455279.49334 16.502
2455279.51166 16.5745
2455279.5185 16.548
2455279.52909 16.54
2455279.53938 16.5445
2455279.56958 16.4435
2455279.57455 16.4435
2455280.49258 16.5075
2455280.51793 16.4165
2455280.55466 16.3885
2455280.55965 16.4305
2455280.56469 16.429
2455280.5898 16.4135
2455280.59693 16.407
2455281.51835 16.427
2455281.53272 16.353
2455281.53754 16.377
2455281.54236 16.3975
2455281.54718 16.3955
2455281.55199 16.43
2455281.58643 16.497
2455284.57421 16.4885
2455287.56031 16.4075
2455289.51483 16.5255
2455291.52138 16.284
2455294.52173 16.568
2455295.51869 16.568
2455296.51681 16.509
2455297.52257 16.4625
2455298.53092 16.4395
2455299.4958 16.4505
2455301.52162 16.411
2455305.50558 16.341
2455306.48273 16.415
2455308.48138 16.2775
2455310.48733 16.2925
2455313.50328 16.3065
2455317.47594 16.45
2455320.47674 16.5425
2455323.47893 16.3275
2455325.47737 16.369
2455327.4689 16.4855
