2451433.8477 18.0635
2451433.8646 18.1675
2451433.8816 18.256
2451433.8985 18.134
2451435.8289 18.1495
2451435.8458 18.2335
2451435.8627 18.077
2451435.8796 18.0005
2451435.8971 17.92
2451436.837 18.05
2451436.8542 18.049
2451436.8714 17.971
2451436.8887 18.051
2451436.9078 18.041
2451437.842 18.017
2451437.8611 17.955
2451437.8785 18.0745
2451437.9032 18.116
2451438.8498 18.0465
2451438.869 18.095
2451438.8862 18.157
2451439.905 17.944
2451440.8857 17.8895
2451440.9028 17.9905
2451442.8139 17.9555
2451443.8057 18.0275
2451443.8227 18.0295
2451443.8396 18.1135
2451443.8566 18.146
2451443.8734 18.244
2451443.8903 18.252
2451444.8163 18.1345
2451445.8209 18.3295
2451446.8495 18.1025
2451447.7806 18.273
2451447.7977 18.167
2451447.8146 18.086
2451447.8317 18.103
2451447.8485 18.0355
2451447.8828 17.988
2451447.8997 18.1045
2451448.8276 18.14
2451448.8487 18.148
2451448.8657 18.1185
2451448.8826 18.2305
2451448.8996 18.1345
2451449.8019 18.078
2451449.824 18.227
2451449.8624 18.2155
2451449.88 18.213
2451450.7692 18.1795
2451450.7864 18.1005
2451450.8035 18.039
2451450.8207 18.3265
2451450.8377 18.1985
2451450.8549 18.1545
2451450.8719 18.189
2451450.891 18.0505
2451451.8469 18.0795
2451451.8641 18.0975
2451453.7588 18.167
2451454.768 18.044
2451454.8094 18.134
2451454.8318 18.1835
2451454.8498 18.3385
2451454.8673 18.4315
2451454.8848 18.3515
2451455.7513 17.9645
2451455.7682 18.132
2451455.7933 18.156
2451455.8106 18.305
2451455.8277 18.4205
2451455.8472 18.3365
2451455.8641 18.3275
2451455.8811 18.2525
2451458.7579 18.4755
2451458.776 18.379
2451458.7929 18.246
2451458.8098 18.1825
2451458.8309 18.108
2451458.848 18.1275
2451458.865 18.1675
2451458.8819 18.1855
2451459.7665 18.2245
2451459.7843 18.157
2451459.8012 18.119
2451459.8181 18.119
2451459.8351 18.121
2451459.852 18.187
2451459.8689 18.187
2451459.8864 18.215
2451461.8036 18.185
2451461.8205 18.19
2451461.8373 18.175
2451461.8543 18.0975
2451461.8713 18.053
2451461.8888 18.0175
2451463.8707 18.1755
2451464.8281 18.128
2451464.8454 18.16
2451466.8225 18.3615
2451466.84 18.2985
2451466.8571 18.2345
2451466.8748 18.186
2451467.8284 18.243
2451467.8472 18.0945
2451467.8648 18.067
2451468.8055 18.171
2451468.827 18.147
2451468.8445 18.0565
2451468.8616 18.081
2451468.8786 18.09
2451470.8205 18.0905
2451470.8728 18.143
2451471.7282 18.0915
2451471.7452 18.0505
2451471.7621 18.0205
2451471.779 18.073
2451471.7962 18.1495
2451471.8131 18.165
2451471.8299 18.164
2451471.8468 18.1205
2451471.8637 18.1085
2451472.7074 18.0675
2451472.7243 18.098
2451472.7414 18.0845
2451472.7583 18.119
2451472.7752 18.1225
2451472.7921 18.1245
2451472.8089 18.125
2451472.8258 18.1065
2451472.8427 18.079
2451472.8596 18.02
2451475.7029 18.196
2451475.7198 18.1415
2451475.737 18.089
2451475.7542 18.0515
2451475.771 18.01
2451475.7879 17.9945
2451475.8048 18.0265
2451475.8217 18.0985
2451475.8385 18.3205
2451475.8556 18.344
2451475.8726 18.443
2451476.7214 18.1375
2451476.7382 17.983
2451476.755 18.1435
2451476.7719 18.169
2451476.7888 18.2345
2451476.8341 18.4525
2451476.851 18.4625
2451476.8679 18.386
2451477.7243 17.969
2451477.7412 18.034
2451477.761 18.1625
2451477.7779 18.371
2451477.7948 18.304
2451477.8117 18.3955
2451477.8286 18.311
2451477.8454 18.2565
2451478.7894 18.3825
2451478.8065 18.253
2451478.8421 18.085
2451478.8591 18.079
2451479.8588 18.0715
2451479.8759 18.144
2451480.8395 18.0815
2451480.8687 18.309
2451481.8047 18.1045
2451481.8252 18.195
2451481.8439 18.1205
2451481.862 18.1325
2451483.8506 17.9895
2451483.8678 17.97
2451484.7778 18.0035
2451487.7565 17.963
2451487.8312 18.266
2451487.8482 18.1985
2451488.8333 18.1235
2451488.8502 18.033
2451489.7913 18.1145
2451489.8081 18.088
2451489.8304 17.9305
2451489.8473 17.964
2451490.6944 18.179
2451490.8197 17.98
2451490.8365 17.974
2451490.8534 18.018
2451491.6895 18.2085
2451491.8333 18.035
2451491.8514 18.0715
2451493.8291 18.0135
2451493.8461 17.8965
2451493.8638 17.8835
2451521.8518 18.0515
2451569.6336 17.852
2451570.6837 18.0585
2451571.6862 17.9155
2451572.6878 17.885
2451573.6654 17.8985
2451574.5525 17.997
2451574.7091 18.183
2451575.6646 18.191
2451576.5268 18.003
2451576.5513 17.9285
2451576.5691 17.907
2451576.5871 17.933
2451576.6042 18.0055
2451576.6214 18.1535
2451576.6385 18.213
2451576.6556 18.269
2451576.6726 18.187
2451576.6897 18.116
2451576.7068 18.0635
2451576.7238 17.9745
2451576.7408 18.0245
2451576.7581 17.981
2451576.7753 18.1205
2451577.6153 18.1475
2451578.561 18.105
2451578.6874 17.927
2451579.5461 18.1615
2451579.6832 17.9745
2451587.5184 17.968
2451587.6058 18.2055
2451587.6797 18.1685
2451588.547 18.106
2451588.634 18.2105
2451588.6769 18.0805
2451589.5131 17.985
2451589.6286 18.131
2451589.6735 18.064
2451590.5237 18.233
2451590.6345 18.0355
2451590.6793 18.055
2451591.5197 18.349
2451591.6051 18.084
2451591.6482 18.1895
2451592.5457 18.1035
2451592.6295 18.164
2451592.6686 18.1145
2451593.5211 18.1305
2451593.6268 18.192
2451593.6876 18.012
2451594.5455 18.142
2451594.6536 17.9665
2451595.5731 18.0785
2451597.517 18.1095
2451598.5192 18.0205
2451598.6036 18.3035
2451598.6206 18.3585
2451598.6414 18.3125
2451598.6584 18.206
2451598.6835 18.0965
2451598.7041 18.0385
2451599.6332 18.1845
2451599.6502 18.0995
2451599.6733 18.1215
2451599.6903 18.1
2451599.7078 18.2295
2451600.5163 18.1635
2451600.57 18.306
2451600.5871 18.2895
2451600.6083 18.1145
2451600.6253 18.1075
2451600.6424 18.1085
2451600.663 18.1725
2451601.5421 18.3525
2451601.5824 18.151
2451601.5994 18.12
2451601.6164 18.151
2451601.6334 18.1805
2451601.665 18.2325
2451601.6823 18.2485
2451602.512 18.286
2451602.672 18.153
2451603.5149 18.211
2451603.5394 18.1215
2451603.5834 18.1995
2451604.5062 18.1185
2451604.6251 18.1675
2451606.5483 18.1545
2451607.5113 18.1545
2451608.5155 18.093
2451609.51 18.058
2451610.5803 18.41
2451611.5591 18.349
2451612.5576 18.2035
2451613.592 18.1225
2451614.5744 18.162
2451615.5611 18.178
2451616.5687 18.152
2451617.5526 18.1075
2451618.5677 18.013
2451619.5449 18.046
2451620.5318 18.137
2451620.5414 18.17
2451621.4998 18.2415
2451622.4964 18.2365
2451623.5019 18.4125
2451625.4991 18.1355
2451632.5017 18.0935
2451632.5214 18.1885
2451632.5389 18.361
2451634.5144 18.223
2451635.5104 18.102
2451635.5196 18.096
2451636.4987 18.153
2451636.5181 18.1365
2451636.5366 18.198
2451636.5549 18.164
2451636.5722 18.2225
2451636.6002 18.145
2451636.6175 18.114
2451639.4839 18.1805
2451639.5022 18.1505
2451639.5193 18.0865
2451639.5363 18.0415
2451639.5534 18.0215
2451639.5704 18.0395
2451639.5878 18.0785
2451639.6049 18.222
2451640.4841 18.135
2451640.5012 18.105
2451640.5183 18.039
2451640.5353 18.075
2451640.5524 18.101
2451640.5694 18.233
2451640.5866 18.2855
2451640.6037 18.397
2451643.4766 18.2485
2451643.4937 18.3005
2451643.5108 18.3705
2451643.528 18.3865
2451643.5451 18.2795
2451643.5622 18.149
2451643.5793 18.1445
2451818.8816 18.253
2451820.8785 18.1895
2451823.8709 18.11
2451824.864 18.1735
2451825.867 18.1495
2451826.8214 18.204
2451831.8898 18.177
2451833.8656 18.0705
2451835.8751 18.0905
2451840.8353 18.21
2451843.8815 18.0235
2451844.8677 18.1465
2451845.8507 18.1595
2451846.8478 18.192
2451848.863 18.0615
2451854.8231 18.1185
2451860.717 18.014
2451863.8527 18.1655
2451864.8463 18.1275
2451865.8178 18.122
2451866.7949 18.091
2451867.8065 18.1285
2451868.8393 18.1915
2451869.8271 18.1595
2451870.845 18.1035
2451871.8313 18.163
2451872.8387 18.285
2451873.8068 18.3005
2451874.7891 18.337
2451876.7717 18.1985
2451877.7578 18.088
2451878.8034 18.188
2451879.7765 18.185
2451880.8382 18.0405
2451881.7448 18.125
2451882.7689 18.081
2451883.7974 18.1025
2451884.7186 18.0305
2451885.8347 18.1045
2451886.8201 18.0155
2451887.8155 18.015
2451888.844 18.2115
2451889.7864 18.0705
2451890.7322 18.106
2451891.8288 17.991
2451892.8401 18.1525
2451893.8089 18.157
2451894.7507 18.0515
2451895.7618 18.2045
2451897.7915 18.076
2451899.8279 18.167
2451900.7897 18.1905
2451901.7538 18.1255
2451902.763 18.0855
2451903.7593 18.0425
2451904.8537 18.2855
2451905.7884 18.276
2451906.7405 18.244
2451908.7679 18.062
2451909.7751 18.038
2451912.7364 18.1875
2451913.7912 18.068
2451919.733 18.157
2451920.6978 18.147
2451921.7561 18.156
2451922.7351 18.142
2451923.7091 18.1435
2451924.7309 18.1275
2451925.6946 18.178
2451926.7078 18.009
2451927.6447 18.084
2451928.6872 18.1465
2451929.6591 18.177
2451930.6765 18.329
2451931.5825 18.1255
2451932.6496 18.191
2451933.6851 18.09
2451934.7009 18.2015
2451936.6423 18.204
2451937.6067 18.113
2451938.6608 18.0755
2451939.6783 18.2075
2451940.6174 18.1265
2451941.6328 18.277
2451942.6092 18.3125
2451943.6539 17.982
2451944.6632 18.1665
2451945.6473 18.159
2451946.5506 18.086
2451947.5544 18.028
2451948.5565 18.1375
2451949.6336 18.0275
2451950.5897 18.0685
2451951.6108 17.983
2451952.5937 18.191
2451953.602 18.333
2451954.6213 18.122
2451955.6025 18.0615
2451956.5622 18.1095
2451957.5647 18.035
2451958.5261 18.0185
2451959.5331 17.98
2451960.544 18.1525
2451961.5485 18.1445
2451962.5406 18.0245
2451963.5635 18.041
2451964.5303 18.0405
2451965.5163 17.988
2451966.5161 18.1705
2451967.5282 18.1485
2451968.5135 18.029
2451969.5106 17.9745
2451970.5229 17.9725
2451971.5152 18.105
2451973.5344 17.947
2451974.5161 18.108
2451976.513 18.2405
2451977.5024 18.2965
2451978.5087 18.1715
2451979.5324 17.9195
2451981.5321 18.1385
2451982.5252 18.1055
2451983.5851 18.102
2451984.5031 18.0635
2451985.5104 17.9285
2451986.5131 18.1745
2451987.5628 18.1785
2451988.5177 18.216
2451991.5822 18.129
2451992.5016 18.1645
2451993.4999 18.097
2451994.4953 18.1595
2451995.5038 18.0475
2451996.4995 18.0805
2451997.5098 18.263
2452000.5138 18.0635
2452004.536 18.063
2452006.4879 18.14
2452009.4824 18.307
2452195.8614 18.1465
2452197.8206 17.9905
2452198.8391 17.9195
2452199.847 17.9155
2452200.8718 17.862
2452202.8063 18.065
2452203.8232 17.909
2452204.8201 17.703
2452206.8713 18.0515
2452207.7811 18.063
2452208.787 18.403
2452210.8708 17.913
2452214.7471 17.742
2452215.7468 18.1485
2452216.7521 18.075
2452217.7691 18.0455
2452218.7621 18.129
2452219.7229 18.0355
2452223.7727 18.1205
2452224.7464 18.153
2452224.819 18.0825
2452225.7617 18.1485
2452226.756 18.096
2452226.8323 18.1805
2452228.8057 18.276
2452229.7477 18.168
2452230.7349 18.3195
2452231.7465 18.1725
2452232.7538 18.0115
2452233.7919 18.1485
2452234.7713 18.1015
2452235.7565 18.1585
2452236.7653 18.1185
2452237.775 18.0165
2452238.8018 18.2295
2452239.7206 18.0405
2452240.7587 18.242
2452241.7487 18.3265
2452242.7573 18.044
2452243.7951 18.047
2452244.6932 18.0575
2452245.6848 18.0175
2452246.6767 18.025
2452247.6723 17.9665
2452250.7114 18.157
2452251.7863 18.088
2452252.6662 18.1235
2452253.7134 18.1885
2452254.6838 18.14
2452255.6909 18.009
2452256.7581 18.201
2452257.7038 18.1815
2452258.7141 18.1755
2452259.675 18.1655
2452259.7778 18.228
2452260.6957 18.006
2452260.7834 18.276
2452261.6872 18.0435
2452261.7774 18.2265
2452262.665 18.0625
2452262.7049 18.246
2452262.7382 18.262
2452262.774 18.104
2452263.7235 18.228
2452263.7524 18.0705
2452263.7866 18.0335
2452263.8145 18.1065
2452264.7589 18.0105
2452264.8209 18.0955
2452265.5391 18.065
2452265.5563 18.0515
2452265.7329 18.0325
2452265.75 18.0915
2452265.7768 18.118
2452265.794 18.1525
2452266.7588 18.122
2452266.798 18.1075
2452269.6848 18.173
2452269.7139 18.127
2452269.7427 18.0215
2452269.7775 18.1565
2452269.8143 18.307
2452269.8315 18.315
2452270.6771 18.148
2452270.7047 18.046
2452270.7328 18.0415
2452270.7688 18.229
2452270.8056 18.274
2452271.7045 18.0775
2452271.7325 18.212
2452271.7617 18.374
2452271.7789 18.345
2452271.8136 18.0945
2452272.6744 18.0915
2452272.7107 18.299
2452272.7414 18.1605
2452272.7585 18.2235
2452272.7934 18.024
2452272.8297 17.986
2452273.7162 18.302
2452273.7551 18.207
2452273.7722 18.078
2452274.5368 18.253
2452274.5539 18.1145
2452274.571 18.159
2452274.5882 18.128
2452274.6053 18.0835
2452274.6224 18.137
2452274.6675 18.3285
2452274.6846 18.41
2452274.7139 18.2865
2452274.731 18.1465
2452274.756 18.0475
2452274.7731 18.075
2452277.6959 18.056
2452277.7367 18.1985
2452277.7539 18.2025
2452277.7907 18.127
2452278.7014 18.204
2452278.7415 18.1685
2452278.7587 18.142
2452278.794 18.072
2452279.6788 18.1495
2452279.7076 18.1885
2452279.7344 18.096
2452279.7858 18.097
2452279.8217 18.249
2452280.6938 18.112
2452280.7221 18.0155
2452280.7547 18.0925
2452280.7718 18.1695
2452280.8088 18.24
2452281.6608 18.094
2452281.6891 18.089
2452281.716 18.07
2452281.7331 18.1135
2452281.7693 18.271
2452282.669 18.0505
2452282.6974 18.0685
2452282.7192 18.182
2452282.7363 18.2725
2452282.7712 18.2745
2452283.749 18.1605
2452283.7661 18.1135
2452283.7943 18.051
2452284.706 18.302
2452284.7231 18.1955
2452284.7516 18.0805
2452284.7687 18.009
2452285.7331 18.0335
2452285.7502 18.0775
2452285.7782 18.068
2452285.7953 18.115
2452286.6733 18.126
2452286.6882 18.035
2452286.708 18.0015
2452286.7252 17.987
2452286.7539 18.038
2452286.771 18.052
2452286.7882 18.1075
2452287.6743 18.0045
2452287.702 18.026
2452287.7192 18.0385
2452287.7464 18.116
2452287.7635 18.1805
2452288.6947 18.099
2452288.7226 18.162
2452288.7397 18.1525
2452288.7677 18.096
2452288.7848 18.0915
2452289.7082 18.1305
2452289.7365 18.0885
2452289.7536 18.057
2452289.7812 18.076
2452290.6376 18.045
2452290.6647 18.108
2452290.6819 18.126
2452290.7101 18.0545
2452290.7273 17.9965
2452290.7476 17.9995
2452291.6388 18.063
2452291.6734 18.04
2452291.6907 17.9885
2452291.7222 18.0565
2452291.7396 18.0365
2452291.7569 18.089
2452292.6924 18.0315
2452292.7196 18.0535
2452292.7367 18.0815
2452292.766 18.312
2452293.7089 18.227
2452293.7338 18.3035
2452293.7648 18.1995
2452294.6693 18.183
2452294.6963 18.295
2452294.7134 18.2675
2452294.7422 18.156
2452295.6856 18.3215
2452295.7127 18.172
2452295.7299 18.104
2452296.7095 18.0545
2452296.7433 18.084
2452296.7607 18.082
2452297.7513 18.0695
2452297.7835 18.1325
2452297.8016 18.029
2452298.7417 18.1625
2452298.7594 18.2145
2452298.7908 18.057
2452299.737 18.177
2452299.7542 18.0805
2452313.6057 18.143
2452313.6327 18.099
2452313.6499 18.152
2452313.6775 18.043
2452314.7107 18.2625
2452315.6351 18.0625
2452315.6634 18.1765
2452315.6913 18.3495
2452315.7086 18.325
2452316.6165 18.106
2452316.6337 18.166
2452316.6509 18.3055
2452316.6747 18.297
2452316.6919 18.263
2452316.709 18.1775
2452317.6264 18.274
2452317.6435 18.2955
2452317.6607 18.2585
2452317.6778 18.2
2452317.695 18.0985
2452318.6206 18.311
2452318.638 18.231
2452318.6553 18.1265
2452318.6727 18.089
2452318.69 18.073
2452319.6508 18.062
2452319.668 18.0435
2452319.6852 18.063
2452319.7023 18.112
2452320.6111 18.1045
2452320.6349 18.0105
2452320.652 18.047
2452320.6924 18.165
2452320.7096 18.2115
2452322.5897 18.0595
2452322.6366 18.1975
2452322.7058 18.0605
2452322.723 18.0535
2452323.6051 18.168
2452323.689 18.05
2452323.7063 18.1425
2452324.6163 18.155
2452325.5847 18.109
2452325.6934 18.2435
2452326.5854 18.0805
2452326.6881 18.341
2452327.5841 18.06
2452327.6789 18.234
2452328.5732 18.125
2452328.669 18.0335
2452329.5777 18.3875
2452329.6767 18.052
2452330.5756 18.2895
2452330.676 17.9335
2452331.5779 18.138
2452331.6665 18.0765
2452332.5485 18.0145
2452332.6382 18.012
2452333.5222 18.09
2452333.582 18.0445
2452334.5231 18.005
2452334.5813 18.191
2452335.5297 18.0985
2452336.5285 18.1525
2452336.6062 18.056
2452337.5274 18.1185
2452337.6288 18.206
2452338.5292 18.0615
2452339.5699 18.159
2452339.6475 18.148
2452340.5524 18.281
2452340.6293 18.0845
2452341.5492 18.324
2452342.5502 18.189
2452342.6242 17.979
2452343.5287 18.0965
2452343.6189 18.1215
2452344.519 17.998
2452345.514 17.9595
2452345.6019 17.9845
2452346.551 18.1215
2452347.5437 18.0685
2452349.5119 18.1075
2452349.5822 18.147
2452349.6187 18.3295
2452350.5109 18.0545
2452351.5032 18.0995
2452351.5983 18.2145
2452353.5114 18.2755
2452353.5984 17.9745
2452354.5053 18.1455
2452354.5972 18.033
2452355.5394 17.9915
2452355.5752 18.1115
2452355.6248 18.135
2452356.5316 18.021
2452356.5661 18.1665
2452356.6028 18.108
2452357.5021 18.125
2452357.5363 18.185
2452357.5637 18.2085
2452357.6019 18.0995
2452358.4895 18.1635
2452358.5239 18.252
2452358.5529 18.0855
2452358.5896 18.057
2452359.5556 18.0515
2452359.5835 18.08
2452359.6149 18.256
2452360.5161 18.0325
2452360.5437 17.968
2452360.5981 18.289
2452361.5236 18.088
2452362.5111 18.1995
2452362.5409 18.265
2452362.5678 18.3125
2452364.5058 18.245
2452364.5372 18.1075
2452365.5319 17.948
2452365.5608 17.9815
2452365.5852 18.032
2452366.4859 18.0105
2452366.5396 18.0295
2452366.5767 18.0755
2452367.5202 17.916
2452368.4879 18.045
2452371.5008 17.9965
2452371.5671 18.2655
2452372.4871 17.9065
2452372.551 18.151
2452377.5143 17.8555
2452378.4765 17.792
2452378.5261 17.871
2452382.4862 17.9365
2452382.5328 17.9675
2452384.4669 18.07
2452384.5208 17.961
2452385.4648 18.096
2452385.5187 17.991
2452388.4595 17.791
2452388.5165 17.945
2452389.4533 17.815
2452389.5144 17.9985
2452390.4685 17.859
2452391.4535 17.984
2452391.4848 18.093
2452392.4515 17.9675
2452392.4877 17.939
2452395.4643 18.063
2452395.5213 18.1175
2452396.4747 18.1745
2452399.4568 18.033
2452400.4559 18.149
2452403.4485 18.18
2452674.56287 18.2385
2452674.60232 18.23
2452675.53302 18.345
2452676.57755 18.166
2452677.54433 18.065
2452678.56092 18.031
2452679.61319 18.1745
2452680.55214 18.218
2452680.64313 17.9905
2452680.68964 18.2285
2452681.53264 18.151
2452681.65148 18.141
2452682.62937 18.2425
2452683.53211 18.0405
2452684.54954 18.4055
2452685.53632 18.2785
2452686.5287 18.4765
2452686.60409 18.139
2452686.70127 18.1735
2452687.54374 18.016
2452687.70688 18.0185
2452688.52486 18.133
2452688.64225 18.1435
2452689.52308 18.054
2452689.64094 18.259
2452690.53344 18.1915
2452690.66525 18.0405
2452691.52777 18.242
2452691.62366 18.1345
2452692.61051 18.1245
2452693.52652 18.122
2452693.63072 18.314
2452694.53371 18.0285
2452695.53015 18.224
2452696.52471 18.2935
2452697.52136 18.277
2452699.54491 18.0235
2452699.89827 18.0935
2452701.51154 18.1
2452702.50943 18.2745
2452706.51632 18.194
2452707.51819 18.3025
2452708.51417 18.1855
2452709.5134 18.119
2452710.52618 18.0645
2452711.51273 18.0915
2452712.54442 18.193
2452713.50687 18.2335
2452714.50128 18.042
2452715.49841 17.9685
2452716.5018 17.981
2452717.49804 18.181
2452718.49941 18.3825
2452719.5155 18.128
2452720.56542 18.139
2452721.50503 18.0205
2452723.50246 18.2345
2452724.49959 18.204
2452725.50143 18.075
2452727.48712 17.9965
2452728.49366 18.2445
2452729.48308 18.372
2452731.48371 18.1525
2452733.49957 18.135
2452915.79971 18.051
2452916.84684 18.253
2452917.84001 18.173
2452918.83015 18.117
2452919.84002 18.024
2452921.77358 18.036
2452922.76825 18.1365
2452923.78934 18.1765
2452924.81228 18.036
2452926.8398 18.229
2452927.82042 18.2675
2452928.76729 18.221
2452930.80661 18.0775
2452931.79783 18.0885
2452933.82633 18.146
2452934.74267 18.2415
2452935.79326 18.112
2452936.78965 18.029
2452937.75615 18.056
2452939.7868 18.212
2452940.8271 18.0685
2452941.79044 18.045
2452942.80314 18.1195
2452943.79644 18.177
2452944.7759 18.147
2452945.77845 18.1265
2452946.78182 17.9965
2452947.77657 18.0085
2452948.68267 18.1445
2452949.78288 18.263
2452950.75453 18.2985
2452951.77508 18.0965
2452952.80597 18.035
2452953.80332 18.2915
2452953.85614 18.12
2452955.73496 17.9795
2452956.79035 17.9225
2452957.76362 17.9325
2452958.8102 17.9175
2452961.75688 18.05
2452962.76366 17.9845
2452963.70937 18.024
2452964.71133 18.054
2452965.67643 17.8885
2452966.85183 17.9835
2452967.7354 18.143
2452968.77697 17.7295
2452969.71853 17.902
2452970.74719 18.0325
2452972.78854 18.0095
2452973.71733 18.144
2452974.77352 18.102
2452975.75434 18.188
2452976.72773 18.1435
2452978.64326 18.05
2452979.72767 18.128
2452980.67759 17.988
2452981.76209 18.349
2452983.74679 18.171
2452985.73008 18.0675
2452986.72593 18.132
2452987.67926 18.052
2452988.71677 18.158
2452989.72455 18.0505
2452990.73908 17.9635
2452991.70433 17.9885
2452992.74197 18.17
2452993.7939 17.95
2452994.67231 18.0585
2452995.7077 17.953
2452996.712 17.957
2452997.76466 18.01
2452998.73837 18.0405
2452999.77996 17.8795
2453000.75657 17.9485
2453001.77121 18.073
2453002.7576 18.074
2453003.74162 18.0935
2453004.76306 17.997
2453007.71697 17.8475
2453009.71495 17.7785
2453010.72529 17.7595
2453012.75876 18.1685
2453013.67667 17.914
2453014.70038 18.28
2453015.72384 18.0595
2453016.77497 18.1195
2453017.73116 17.993
2453018.70685 18.0485
2453021.69464 17.918
2453022.65625 17.9945
2453023.58519 18.1595
2453024.6798 18.0255
2453025.68096 18.0315
2453026.6694 18.2445
2453028.68739 18.06
2453029.72045 18.164
2453030.71531 18.126
2453031.70988 17.96
2453032.67935 17.546
2453033.65723 17.9935
2453034.69229 17.976
2453035.68294 18.0915
2453036.64035 17.8605
2453037.68934 18.107
2453038.6562 18.158
2453040.71046 18.158
2453042.67056 18.0055
2453044.66984 17.916
2453046.623 17.749
2453048.67042 17.8925
2453051.68237 17.924
2453054.60396 17.978
2453056.64184 17.858
2453058.63658 18.1115
2453060.56789 17.9375
2453062.59254 17.901
2453063.62262 17.9875
2453065.56715 17.964
2453067.64643 17.9765
2453068.57108 17.7655
2453070.64463 17.805
2453072.57206 17.894
2453074.61045 17.979
2453076.57454 17.9875
2453078.54131 17.789
2453320.78871 17.9935
2453323.78194 17.7635
2453324.74942 17.7735
2453325.7566 17.823
2453326.7069 17.85
2453327.70959 17.915
2453328.75394 17.741
2453329.73684 17.7455
2453330.72308 17.786
2453331.67627 17.812
2453332.70322 17.9605
2453334.66863 17.659
2453335.7751 17.881
2453337.7293 18.125
2453338.76836 17.7195
2453339.68724 18.053
2453339.75763 18.018
2453342.7093 17.857
2453344.64154 17.938
2453345.64201 17.878
2453346.70516 17.9865
2453347.7075 18.0095
2453348.73231 18.0865
2453349.69238 18.008
2453350.73175 17.8
2453351.7233 17.9425
2453352.68635 17.917
2453353.65423 17.718
2453354.68656 17.766
2453355.67757 17.9255
2453356.70034 17.814
2453357.64369 17.8315
2453358.67354 17.7085
2453359.64262 17.731
2453360.69154 17.744
2453361.63958 17.9025
2453363.70454 17.9405
2453366.66813 17.7275
2453367.59963 17.7765
2453367.68284 17.759
2453368.66514 18.0025
2453369.74635 17.549
2453370.73602 17.8745
2453371.57744 17.6895
2453371.67266 17.8955
2453372.62469 18.103
2453373.65376 17.5925
2453374.607 17.833
2453375.61164 17.7625
2453376.62963 17.735
2453377.63695 17.749
2453379.65521 17.631
2453380.64687 17.702
2453381.66723 17.809
2453382.60928 17.9295
2453383.65928 17.7665
2453384.60511 17.7425
2453385.64242 17.774
2453386.61771 17.7265
2453387.64345 17.6565
2453393.59978 18.39
2453394.65562 17.6875
2453396.60171 17.67
2453397.59707 17.7245
2453398.59889 17.8685
2453399.61035 17.8715
2453400.58 17.8005
2453401.56896 17.8535
2453402.54121 17.692
2453403.66887 17.917
2453404.62003 17.8855
2453405.64245 17.8225
2453406.71822 17.765
2453407.66701 17.8905
2453408.74 17.8975
2453409.59871 17.7735
2453410.72307 17.826
2453411.71569 17.8195
2453413.67154 17.802
2453414.6008 18.005
2453415.65101 17.7375
2453421.69118 17.812
2453422.6951 17.7145
2453423.63199 17.9435
2453424.60464 17.814
2453425.71179 17.494
2453426.68315 17.849
2453427.67937 17.805
2453428.67644 17.9085
2453429.61248 17.7895
2453430.61293 17.758
2453431.5984 17.813
2453432.60801 17.7405
2453433.6302 17.871
2453434.5975 17.8575
2453436.65034 17.7845
2453438.65338 17.9265
2453440.6015 17.6315
2453443.63107 18.028
2453446.51391 18.035
2453448.54502 18.116
2453449.59553 17.984
2453450.59503 17.99
2453453.56548 17.997
2453458.56555 18.179
2453460.52102 18.0225
2453461.50267 17.9385
2453462.54733 18.0195
2453463.56166 18.0505
2453465.51593 18.0095
2453468.51374 18.1865
2453470.5171 18.1505
2453473.5053 17.994
2453600.89462 17.6515
2453632.85267 18.061
2453693.7918 18.0535
2453695.81066 17.9785
2453696.78031 18.0265
2453699.75927 18.021
2453700.82256 18.064
2453701.75879 18.178
2453702.76286 18.0265
2453703.77783 17.929
2453704.78394 18.0525
2453705.79735 18.038
2453707.77264 18.003
2453708.76225 18.0305
2453709.75168 18.107
2453710.75987 18.0775
2453711.72487 18.0955
2453712.7172 18.1885
2453713.5873 18.0355
2453713.63241 17.9225
2453713.66301 18.0805
2453713.7389 18.0885
2453713.79264 17.993
2453713.83143 18.0395
2453714.7502 18.014
2453715.794 18.2015
2453716.74885 18.1215
2453717.7891 18.0785
2453718.75555 18.026
2453719.7328 17.971
2453720.75629 17.902
2453721.74329 17.8925
2453722.71791 17.9795
2453723.7746 17.938
2453724.69977 18.1355
2453725.75187 17.933
2453726.73096 18.0555
2453727.71786 18.135
2453728.76005 18.0925
2453745.69074 18.1105
2453746.71948 17.6365
2453747.6225 18.1365
2453748.67361 17.6825
2453749.65848 17.529
2453750.71184 17.8085
2453752.77462 17.795
2453753.6739 17.812
2453754.68162 17.897
2453755.6429 17.8895
2453756.64719 17.9265
2453757.73125 17.92
2453758.65571 17.6455
2453759.65162 17.9135
2453760.705 18.091
2453761.70442 18.053
2453762.69076 17.982
2453763.61171 18.041
2453764.70435 18.038
2453765.71497 18.3045
2453770.68749 18.1785
2453771.62022 18.055
2453772.6489 18.1475
2453773.62961 18.053
2453774.64968 18.0135
2453775.58432 18.019
2453776.59138 17.7615
2453777.6312 17.9765
2453779.63427 18.1875
2453780.65252 18.099
2453782.64724 18.2115
2453783.61751 18.039
2453784.59744 18.062
2453785.64855 17.9185
2453786.61035 17.9405
2453787.65008 18.134
2453788.62428 18.0525
2453789.6698 17.9045
2453790.62129 17.9175
2453791.60709 17.851
2453792.61414 17.8535
2453793.60928 17.8385
2453794.60589 17.96
2453798.6218 17.8965
2453799.5995 18.103
2453800.63144 18.09
2453801.62437 18.05
2453969.89731 17.9225
2453970.89714 17.7095
2453971.89273 17.827
2453973.87541 17.8475
2453974.87438 18.016
2453975.8641 17.969
2453976.85546 17.921
2453979.88683 18.0715
2453980.91162 17.939
2453981.89229 17.9055
2453982.90802 17.973
2453987.86517 17.939
2453988.83795 17.94
2453989.84371 17.991
2453990.85971 18.118
2453991.86693 17.9165
2453993.89153 17.864
2453994.86571 17.9875
2453995.87461 18.0575
2453996.87062 17.856
2453998.83686 17.9695
2453999.87164 18.0615
2454001.8126 17.7815
2454002.86738 17.862
2454003.83747 17.9345
2454004.84384 17.715
2454005.84581 18.195
2454006.83654 17.8435
2454007.85916 17.8555
2454008.86674 17.73
2454009.85799 17.764
2454010.83398 17.702
2454011.84684 17.848
2454013.83581 17.89
2454017.80004 17.839
2454018.84596 17.5085
2454019.83216 17.5775
2454020.82683 17.736
2454021.79442 17.652
2454023.7954 17.832
2454024.81123 17.701
2454025.79726 17.6785
2454026.81172 17.7835
2454027.7716 17.8455
2454028.7426 17.8175
2454029.75925 17.855
2454030.71858 17.8705
2454031.80704 17.696
2454032.75885 17.6055
2454035.79788 17.6085
2454036.79156 17.592
2454037.74832 17.681
2454038.7453 17.835
2454039.77168 17.7085
2454040.76487 17.763
2454041.7825 17.6905
2454042.78196 17.7985
2454043.75717 17.831
2454045.7468 17.9245
2454046.76218 17.9075
2454047.77422 17.7625
2454048.7603 17.6355
2454049.76761 17.643
2454050.76327 17.8465
2454051.77063 17.6825
2454052.80907 17.4805
2454053.75181 17.7095
2454054.76094 17.825
2454055.76968 17.858
2454056.7635 18.019
2454057.75827 17.8285
2454058.8072 17.886
2454059.72784 17.9335
2454060.73142 17.892
2454062.64216 17.8375
2454062.65241 17.8215
2454062.66268 17.852
2454062.67296 17.8195
2454062.68322 17.9135
2454062.69349 17.773
2454062.70379 18.046
2454062.71411 18.111
2454062.72442 17.939
2454062.7347 17.955
2454062.75108 17.9145
2454062.76139 17.9745
2454062.77171 17.7745
2454062.78201 17.836
2454062.79233 17.808
2454062.80264 17.814
2454062.81295 17.6495
2454062.82322 17.8295
2454062.83351 17.9105
2454062.84376 17.742
2454063.71285 17.954
2454064.74979 17.8155
2454065.7857 17.964
2454066.79197 17.6665
2454067.77105 17.9105
2454068.78004 17.745
2454069.77307 17.9035
2454070.77829 17.8375
2454071.78256 17.9195
2454072.70947 17.9595
2454073.71731 18.0475
2454074.71394 17.8435
2454075.63912 17.8905
2454075.74171 17.698
2454076.65259 17.757
2454076.72457 18.041
2454079.80551 17.7615
2454080.74679 17.715
2454081.73758 17.9035
2454082.71751 17.8915
2454083.67645 17.756
2454084.71224 17.8365
2454085.70187 17.979
2454086.71857 17.7975
2454087.66175 17.755
2454088.65164 17.785
2454089.68371 18.0025
2454090.73032 17.8155
2454091.65429 17.9055
2454092.69803 17.6905
2454093.72246 17.6645
2454094.70121 17.8085
2454095.69234 17.9125
2454096.714 17.82
2454097.78392 17.9465
2454099.7662 17.7665
2454100.68697 17.7005
2454103.75852 18.4375
2454104.70979 17.746
2454105.75632 17.8405
2454106.70675 17.739
2454107.73153 17.767
2454108.69421 17.736
2454109.74949 17.8235
2454110.71741 18.0345
2454111.7271 17.8365
2454112.7336 17.9775
2454113.67494 17.887
2454114.70129 17.954
2454115.72431 17.724
2454116.62301 17.5485
2454117.65602 18.0415
2454118.74775 18.0455
2454119.69191 18.0515
2454120.7148 18.051
2454121.71093 18.103
2454122.69203 18.0615
2454123.67666 18.0255
2454124.69652 17.874
2454125.71574 17.874
2454126.66528 17.8505
2454127.65126 17.766
2454128.66303 17.805
2454130.70846 17.9975
2454133.71182 17.5695
2454134.30857 17.933
2454135.68523 17.8335
2454136.69244 18.0115
2454137.66975 17.7915
2454138.64085 18.0085
2454139.65726 17.9135
2454147.60435 17.7855
2454149.57044 17.881
2454150.59502 18.053
2454151.62986 17.852
2454152.56829 18.075
2454153.59103 17.85
2454154.60319 18.0465
2454155.62641 18.053
2454156.63744 17.8025
2454157.5557 17.9695
2454159.55173 17.951
2454160.59586 18.071
2454162.56882 18.0845
2454164.54454 17.8655
2454166.55105 17.94
2454168.58736 17.9115
2454170.60059 17.9575
2454172.60609 17.787
2454173.58732 17.992
2454176.58843 18.249
2454178.57525 17.971
2454179.5925 17.925
2454189.57056 17.87
2454190.57128 17.7925
2454191.5682 17.768
2454192.54762 17.977
2454192.54762 17.9935
2454193.55333 17.9155
2454194.54186 17.9595
2454196.53513 17.726
2454197.5312 17.9035
2454198.56015 17.962
2454199.54877 17.849
2454200.51541 18.066
2454202.4988 17.8655
2454203.5036 17.934
2454204.48174 17.9045
2454205.51028 17.924
2454219.46832 17.8565
2454220.45697 17.841
2454362.84359 17.7375
2454363.85508 18.0035
2454365.86711 18.0015
2454366.82347 18.157
2454371.8272 17.958
2454372.84381 18.1735
2454374.85299 18.0155
2454375.84609 17.9895
2454376.83156 17.973
2454377.8212 18.002
2454378.85577 17.98
2454380.7721 18.086
2454381.82434 18.0525
2454382.89391 17.9375
2454384.82088 18.088
2454386.78599 17.932
2454388.7884 18.099
2454389.75566 18.163
2454390.76795 18.1675
2454391.81242 17.984
2454392.82971 18.18
2454393.77536 18.022
2454394.73915 18.033
2454395.78882 18.1025
2454396.79963 17.901
2454399.77799 18.2025
2454400.80691 18.0645
2454401.81333 18.023
2454403.78754 18.1125
2454404.77664 18.1685
2454406.83522 18.0615
2454408.77892 18.0565
2454409.73007 18.0175
2454410.75447 18.191
2454411.78605 18.0775
2454412.78186 18.029
2454413.76922 18.022
2454414.78101 18.1175
2454415.77334 18.2125
2454416.76396 18.277
2454418.69568 18.226
2454419.77518 18.029
2454420.73662 18.0315
2454421.75705 18.2065
2454422.78803 18.012
2454423.72132 18.1305
2454424.74525 17.9895
2454425.7491 18.0395
2454426.68362 18.0015
2454427.74675 18.2455
2454428.75553 18.094
2454429.75317 18.094
2454430.71963 17.966
2454431.75248 18.2105

2454432.75921 18.147
2454433.75647 18.051
2454434.73727 18.0905
2454435.72002 17.9855
2454436.77594 18.3025
2454437.80035 18.07
2454438.78113 18.02
2454439.69854 18.146
2454440.72889 18.0455
2454441.71063 18.0225
2454442.69406 18.0675
2454444.74638 18.011
2454445.70365 18.081
2454446.72052 18.035
2454447.73683 18.248
2454448.73077 18.263
2454449.7406 18.1435
2454450.69322 18.1815
2454451.79105 18.1535
2454452.77067 18.2565
2454453.6945 18.161
2454454.71851 18.2445
2454455.7319 18.044
2454456.76486 18.285
2454456.86774 18.0475
2454456.86774 18.1875
2454464.79558 17.999
2454465.77152 18.0365
2454466.84468 18.2155
2454467.77821 18.12
2454468.76469 18.2735
2454469.75979 18.1265
2454470.73854 18.047
2454471.71018 18.0675
2454472.68666 18.0355
2454473.70838 18.1045
2454474.73135 18.226
2454475.70135 18.2505
2454477.66445 18.169
2454478.68585 18.0305
2454479.67925 18.0505
2454480.68566 18.193
2454481.6911 18.2135
2454482.62045 18.174
2454483.67368 18.042
2454484.61987 18.1115
2454485.72327 18.1855
2454486.65166 18.088
2454487.68129 18.2075
2454488.63896 18.2565
2454489.65778 18.028
2454490.76133 18.125
2454491.68182 18.168
2454492.72693 18.0215
2454493.71875 18.0045
2454494.74399 18.181
2454496.69926 18.194
2454497.67146 18.2315
2454498.62829 18.2815
2454499.68589 18.0555
2454500.60317 18.171
2454501.65581 18.1015
2454502.72312 18.0285
2454505.57018 18.267
2454507.68794 18.2965
2454508.65086 18.2675
2454509.54149 18.062
2454510.6362 18.115
2454511.64599 18.093

2454513.5824 17.988
2454514.70527 18.0255
2454515.67559 17.9415
2454517.64903 18.0215
2454518.61412 18.0625
2454519.69103 18.0725
2454520.64265 18.098
2454521.6146 18.0725
2454522.6934 18.1675
2454523.57468 17.9965
2454524.60374 18.104
2454527.56497 18.2375
2454528.60757 18.013
2454532.59705 18.138
2454536.61093 18.255
2454541.59637 18.214
2454543.60589 18.008
2454546.54648 18.0245
2454548.58525 18.0935
2454553.59088 18.131
2454555.54208 18.048
2454557.53042 18.094
2454560.58539 18.007
2454699.91329 18.0705
2454700.87332 18.2685
2454701.87643 18.0225
2454702.85749 17.987
2454703.86342 18.0345
2454704.87067 18.0975
2454707.87654 18.024
2454708.8862 18.085
2454709.87028 18.175
2454710.8592 18.3315
2454715.89437 18.107
2454720.85007 18.0255
2454722.87757 17.8765
2454723.87836 17.86
2454725.83715 17.8445
2454726.87436 17.888
2454728.88819 17.9735
2454729.83069 17.9715
2454731.90564 17.99
2454732.86529 17.9995
2454733.83998 17.998
2454734.86069 17.9305
2454736.82051 17.8985
2454737.81726 18.087
2454738.81687 18.0425
2454740.83916 17.9445
2454743.84629 18.062
2454744.83737 17.8945
2454746.86132 17.977
2454747.83328 17.999
2454752.78664 17.93
2454753.80103 18.184
2454754.82233 18.0565
2454757.79704 18.022
2454759.75536 18.026
2454762.7792 18.0225
2454763.79951 17.87
2454766.81903 17.9955
2454768.816 18.1005
2454770.73609 18.0175
2454771.75791 18.087
2454773.76352 17.948
2454776.77295 18.129
2454777.78028 17.9535
2454779.78765 18.07
2454781.7675 18.1035
2454782.77636 17.996
2454783.75127 18.049
2454786.72064 18.084
2454787.74871 18.2315
2454788.74008 18.0745
2454789.79064 17.995
2454790.71286 17.986
2454791.75321 18.082
2454792.74518 18.155
2454793.74444 18.061
2454794.77565 17.989
2454795.74932 17.8065
2454796.75685 18.1645
2454797.78153 17.9445
2454799.77915 17.94
2454800.69914 17.8265
2454802.76402 17.995
2454805.75841 17.931
2454808.71559 17.9835
2454811.79327 18.14
2454814.73544 17.9855
2454817.71213 17.8625
2454820.71137 17.968
2454823.66201 17.7215
2454827.74541 17.998
2454838.74826 18.033
2454841.70829 17.6475
2454844.61268 17.78
2454847.62242 18
2454851.58013 17.903
2454851.58491 17.8145
2454851.58969 17.861
2454851.59744 17.8225
2454851.60222 17.756
2454851.64229 17.7955
2454851.64707 17.8855
2454851.67051 17.847
2454851.67529 17.9525
2454851.69357 17.99
2454851.69835 17.8775
2454851.70728 17.9235
2454851.71206 17.968
2454851.73454 17.8375
2454851.73932 17.8335
2454855.53256 17.905
2454855.53734 18.0165
2454855.56274 17.9165
2454855.57816 17.968
2454855.58309 17.9655
2454855.59266 17.8735
2454855.62135 17.81
2454855.62617 17.799
2454855.63587 17.8165
2454855.64081 17.8435
2454855.65378 17.8965
2454855.65876 17.817
2454855.66765 17.7655
2454855.67832 17.7825
2454855.68345 17.7955
2454855.69331 17.8305
2454855.6981 17.856
2454855.70762 17.893
2454855.71248 17.8165
2454855.72186 17.8635
2454855.7275 17.998
2454859.55331 17.6975
2454859.5581 17.764
2454859.58689 17.8795
2454859.59174 17.8355
2454859.60201 17.7245
2454859.60697 17.808
2454859.61364 17.7465
2454859.61857 17.8875
2454859.62768 17.9195
2454859.63269 17.754
2454859.64434 17.9115
2454859.64917 17.871
2454859.65933 17.705
2454859.66416 17.6715
2454863.55187 17.7265
2454863.55664 17.7595
2454863.58551 17.769
2454863.59029 17.8995
2454863.59726 17.8555
2454863.60204 17.8735
2454863.60681 17.9275
2454863.61159 17.94
2454863.61777 17.923
2454863.62255 17.906
2454863.63177 17.9525
2454863.64262 17.8615
2454863.6474 17.7885
2454863.65823 17.892
2454863.66301 17.8025
2454867.54351 17.8805
2454867.55097 17.888
2454867.59083 17.7385
2454867.60041 17.6795
2454867.61431 17.764
2454867.63907 17.866
2454867.65868 17.7275
2454867.69347 18.146
2454871.64323 17.9025
2454871.66166 17.7975
2454871.67852 17.9405
2454871.68823 17.9705
2454875.51949 17.92
2454875.53319 17.9875
2454875.55361 17.9775
2454875.56382 18.1245
2454875.58272 18.107
2454875.59067 17.976
2454875.61016 17.9955
2454875.63196 17.804
2454875.63674 17.8545
2454875.65555 17.791
2454879.63193 18.0385
2454882.6561 17.883
2454885.61095 18.128
2454888.58422 17.937
2454891.65472 17.995
2454894.6094 18.106
2454897.58337 17.9915
2454900.62205 18.0985
2454903.6136 17.9815
2454906.59633 18.148
2454909.5735 17.8145
2454912.57762 17.8405
2454915.57637 17.844
2454918.58984 17.874
2454921.57037 17.6935
2454924.53908 17.951
2454927.5284 17.527
2454929.53338 17.9335
2454931.5402 17.821
2454934.53957 17.957
2454935.52539 17.951
2455106.8624 18.2465
2455109.84481 17.928
2455112.82413 18.016
2455116.81749 18.01
2455116.85217 17.958
2455118.82894 18.1415
2455120.79841 18.1235
2455122.77629 17.8865
2455125.8055 17.958
2455125.82421 17.867
2455126.75916 17.9895
2455128.77782 17.78
2455132.83098 18.049
2455134.76666 17.9635
2455137.79751 17.938
2455139.80535 18.2565
2455141.73697 18.1115
2455143.72995 18.004
2455146.7428 18.086
2455148.80704 18.0205
2455150.73185 17.9515
2455152.74577 18.2025
2455153.73879 18.058
2455154.76798 17.9815
2455157.75426 18.137
2455159.72841 18.01
2455160.78394 18.1125
2455161.77425 18.186
2455163.77194 18.05
2455164.80892 17.957
2455166.6681 17.952
2455168.78579 18.0355
2455170.7598 17.98
2455173.68831 18.003
2455175.73762 17.9765
2455177.74934 17.9835
2455178.71844 18.107
2455180.65578 17.9675
2455181.74719 17.997
2455182.72478 18.0075
2455183.78167 18.112
2455184.74146 18.094
2455185.69822 18.1745
2455186.71201 18.0035
2455187.71253 17.983
2455188.68059 17.993
2455189.72351 18.076
2455190.70728 18.088
2455191.75363 18.0075
2455192.67604 17.93
2455193.67991 17.924
2455194.76699 18.077
2455195.70148 18.21
2455196.76458 17.866
2455199.70233 18.016
2455200.68873 18.033
2455201.72861 17.9585
2455202.71899 17.9165
2455203.75139 18.018
2455207.69599 17.9755
2455208.71807 17.956
2455209.69404 18.067
2455210.76505 17.951
2455211.74314 17.9265
2455212.71907 17.89
2455213.69801 17.8845
2455214.71519 17.9705
2455215.69724 18.1025
2455216.69348 18.1635
2455218.77803 18.076
2455219.67859 17.949
2455222.72762 17.9195
2455225.73772 17.9885
2455226.68957 17.789
2455227.72405 17.7865
2455228.7376 17.867
2455229.75893 17.9365
2455231.68776 17.888
2455232.74271 17.877
2455234.72695 17.9135
2455235.6522 17.823
2455237.6658 18.0325
2455240.67404 18.043
2455243.67011 18.0935
2455245.67338 17.913
2455247.63201 17.84
2455249.58081 17.848
2455251.56268 18.077
2455253.57877 17.889
2455255.63666 18.0255
2455256.64044 17.801
2455257.62461 17.9805
2455260.65607 18.172
2455262.65591 17.948
2455263.64141 17.9325
2455265.58597 17.9835
2455267.58038 17.9965
2455269.61775 17.8955
2455274.53499 18.1585
2455276.60653 18.0555
2455278.58118 17.9395
2455279.48849 17.957
2455280.48774 18.0835
2455281.51351 17.908
2455284.56937 18.043
2455287.55548 17.911
2455289.50999 18.0135
2455291.51654 17.8195
2455294.5169 18.1015
2455295.51384 18.156
2455296.51197 18.039
2455297.51773 17.964
2455298.52607 17.8565
2455299.49095 17.898
2455301.51677 17.8615
2455305.50075 17.9625
2455306.4779 17.9055
2455308.47655 17.6225
2455310.48251 17.841
2455313.49845 17.73
2455317.47111 17.866
2455320.47191 17.696
2455323.47411 17.857
2455325.47254 17.795
2455327.46407 18.0025
